scenario N1 N2 N3 N4 ti raa raa1 ta raa2 t1 N5 t2 Nanc
1 37331 205378 1132344 384837 2521 0.102758057415485 0.338084429502487 7113 0.335713654756546 21608 41029 51822 3780380
1 22038 238036 177981 262109 9086 0.372790634632111 0.0682168900966644 9970 0.355579942464828 27756 15088 42166 8365813
1 42251 253487 857885 7048273 1291 0.228125467896461 0.211581975221634 7916 0.283490091562271 34011 46205 80781 7230800
1 23790 74410 2144914 103683 4309 0.365505665540695 0.0841594785451889 7101 0.0613102801144123 7456 137303 137359 1528908
1 46600 67321 921107 9522076 5917 0.242796614766121 0.423239648342133 9497 0.0626790374517441 13256 86572 84346 1356446
1 194592 1643632 583136 161702 4035 0.170648157596588 0.173921331763268 7764 0.052321158349514 29496 453969 364625 8744137
1 40793 92161 1068282 60536 2512 0.165017023682594 0.130070701241493 4026 0.158026486635208 9206 116205 78414 1349033
1 34970 114113 489173 316841 6567 0.211540833115578 0.226698681712151 8643 0.355661779642105 13475 20450 36474 3249114
1 33632 146840 6552783 1556099 1370 0.245470970869064 0.216884151101112 4819 0.0748840197920799 11795 41716 54689 2559277
1 93130 98396 1119791 700242 9076 0.185726210474968 0.10128640383482 9102 0.453099966049194 10217 236667 217908 4923665
1 25090 147534 447990 5657970 4138 0.203261658549309 0.220345795154572 5582 0.2857785820961 12522 34121 38449 1216536
1 89037 207950 119004 6899303 212 0.0674661919474602 0.0767009630799294 2416 0.104180760681629 15550 69741 72922 3530569
1 55421 248512 82121 200347 3924 0.258419454097748 0.376633822917938 5136 0.107253506779671 8889 126398 144427 1598313
1 496044 159603 3639009 4139478 2219 0.055345993489027 0.42077162861824 6402 0.394378066062927 13400 484572 431208 7212093
1 97880 29170 8040820 29902 2208 0.0934174209833145 0.420697301626205 2222 0.290630400180817 2829 92007 104296 3702053
1 127556 5923103 813908 340320 1055 0.0744726583361626 0.154488116502762 4348 0.46434873342514 41561 132591 160323 3644956
1 300801 894697 475424 6933353 1479 0.157533943653107 0.210209980607033 9271 0.291673481464386 25975 445394 412013 6358152
1 31113 19664 304740 745611 4188 0.109197244048119 0.174640730023384 4791 0.0909402966499329 6037 25037 26486 7432613
1 56428 85359 735344 9786989 2871 0.107126161456108 0.207025542855263 5451 0.219995260238647 7076 59364 57451 2772661
1 405910 749893 86992 3932735 1823 0.0936085358262062 0.0807804316282272 7081 0.280081778764725 160083 368794 529749 9300720
1 30815 655884 325623 121024 302 0.0842625051736832 0.127513945102692 5516 0.338881433010101 8935 30495 34246 7560615
1 72962 506172 4775407 69650 3051 0.187202870845795 0.376472234725952 4610 0.179089680314064 6663 147343 168920 3193578
1 61051 91012 131951 48903 3061 0.106398582458496 0.458036929368973 4360 0.459687769412994 7294 105316 70384 5743777
1 35576 33318 621752 861837 2954 0.0645148083567619 0.1965162307024 5059 0.296719640493393 12200 32752 41663 4644013
1 14564 49893 1720924 4266139 2291 0.11774855107069 0.102942086756229 3163 0.0563706792891026 7748 16273 16513 1932427
1 39934 95226 6718525 78974 9544 0.270151764154434 0.27813395857811 9999 0.290497988462448 13405 29654 56744 1031129
1 31028 1283557 203199 71898 925 0.38922643661499 0.0572409778833389 4158 0.101877324283123 11989 219888 299673 3329030
1 184604 283759 362043 4918036 6076 0.226816415786743 0.361468523740768 6862 0.218977928161621 11048 398012 414410 2238321
1 35860 1794992 2915130 275780 4968 0.142510429024696 0.249756127595901 7725 0.445000290870667 34176 44607 57909 3625931
1 35444 1465299 512935 162962 1545 0.394469827413559 0.253442108631134 7198 0.113671123981476 15103 367778 690348 5716033
1 55268 52893 554593 9498202 908 0.253772467374802 0.27297231554985 3430 0.0757763981819153 6228 258306 203190 1393223
1 34310 64896 653249 42129 5702 0.0949639603495598 0.359365880489349 7435 0.237379997968674 9779 28751 31110 4342147
1 367426 140721 2749123 4824422 8420 0.208004713058472 0.155680403113365 8933 0.0602183863520622 25956 380404 499489 4767460
1 17831 28685 2119157 3840451 3771 0.0633173882961273 0.0605944246053696 5896 0.133467495441437 6724 10164 16645 578249
1 34704 435264 213386 48072 3246 0.278491258621216 0.194883957505226 3701 0.105800330638885 4372 91485 78351 1740075
1 22359 67351 598251 1461821 274 0.0541676767170429 0.342016816139221 4177 0.348950922489166 8051 49610 36159 480536
1 56717 241537 6162255 8460434 1401 0.0616785138845444 0.29863452911377 1712 0.0704640075564384 5727 78651 67126 9395465
1 79668 673324 240301 461747 443 0.348538041114807 0.119873248040676 7891 0.372103095054626 9584 263556 344196 5013904
1 16125 8102362 196663 284941 2470 0.105117872357368 0.172560945153236 3113 0.0574179515242577 5659 12241 16434 1728913
1 41624 1287544 5036381 188997 1983 0.110046744346619 0.229402899742126 8638 0.441425323486328 23108 74751 58466 3884628
1 130754 9586937 2123082 125728 3552 0.0777088701725006 0.109419852495193 8533 0.0817375183105469 31592 67068 113147 5081470
1 32959 119787 5223977 192533 2879 0.306745558977127 0.160618454217911 5482 0.324016809463501 15005 474888 675221 3078100
1 55952 3387919 981592 76110 1663 0.126200079917908 0.264231950044632 1689 0.266539305448532 4893 81289 66953 957526
1 46315 251102 2186871 71071 7768 0.0671601369976997 0.375167578458786 8753 0.142976716160774 15936 20590 29426 2310021
1 109009 79112 21070 20288 313 0.134208753705025 0.213747158646584 1542 0.071568988263607 3667 111521 98517 3668122
1 74316 6123999 2435719 426458 7575 0.0656134188175201 0.110982149839401 7668 0.06302859634161 56078 18808 66802 4533620
1 77927 1730817 1658565 257991 3751 0.190601691603661 0.0555251315236092 5777 0.358496934175491 16364 169975 183278 1265453
1 24714 48677 656701 2673234 649 0.341741383075714 0.297421783208847 7370 0.435272514820099 8104 98339 93792 1479249
1 197385 4069003 5351415 1051374 6147 0.186260312795639 0.396081566810608 7156 0.071730725467205 7519 504981 433827 4843033
1 22042 1341316 323764 246041 2405 0.0919176191091537 0.084412008523941 2745 0.0673555806279182 4375 36098 33999 1023312
1 44731 1092216 595776 6891111 395 0.173424422740936 0.114801160991192 492 0.262992829084396 3483 103191 91145 2096179
1 76174 3749175 128443 6544383 2431 0.315562039613724 0.159152865409851 7151 0.0930171310901642 83210 96893 222680 7698788
1 59844 849493 221178 307370 6950 0.147969484329224 0.0549403950572014 7302 0.127617970108986 11677 52669 59168 1613898
1 67403 410121 275435 1152248 5424 0.40758028626442 0.139992281794548 9240 0.2343470454216 40571 366178 621845 2180265
1 45106 2153972 78655 138010 4043 0.0662310197949409 0.150003030896187 7512 0.0691744983196259 18426 77882 66187 2133179
1 39355 22253 6716107 697392 2917 0.342972874641418 0.365390419960022 2966 0.38627153635025 8963 111659 134731 3679709
1 327507 39062 7196327 221418 2165 0.0938046872615814 0.164799124002457 5918 0.179588124155998 16535 745387 558266 4565742
1 30542 7297542 1800529 596251 4626 0.261309742927551 0.0889234393835068 8412 0.495313435792923 11730 30974 50067 4017688
1 18888 349440 8602852 548733 3502 0.22843411564827 0.257725656032562 6818 0.230804964900017 10751 47964 46928 4954755
1 95565 72983 65471 1742972 3396 0.354576796293259 0.385964542627335 4796 0.0903464332222939 19127 436391 744759 2226591
1 25661 1509170 1171024 3621653 1140 0.0841846540570259 0.421269923448563 4862 0.177377641201019 8398 17806 24212 1287665
1 41780 1995762 310496 4952529 1485 0.18330742418766 0.127525687217712 5256 0.435333788394928 5387 97252 73788 3022792
1 83479 242952 233981 1279957 6020 0.159266948699951 0.145288303494453 9189 0.20012891292572 74230 18813 100420 4032965
1 130745 163542 253632 1267201 624 0.0923451259732246 0.134199321269989 886 0.153786465525627 7949 93555 119649 3558318
1 464354 33531 494698 32472 1021 0.196979328989983 0.0542535670101643 3001 0.470976799726486 3395 730534 539822 8331527
1 59815 199359 4694287 120282 5276 0.205973699688911 0.235399380326271 6928 0.0833025574684143 9642 60727 59054 775451
1 132266 220985 5962616 1256776 5941 0.0549459792673588 0.18138262629509 9330 0.057104554027319 35167 123447 98203 4740794
1 35689 211348 1967745 1685347 4709 0.386728793382645 0.149944365024567 5976 0.0801086276769638 27291 133659 135046 8506091
1 32312 148656 4429056 166237 1310 0.304238855838776 0.220938071608543 1575 0.41731384396553 32822 67469 119884 2242349
1 32330 537324 895170 167344 5117 0.259253948926926 0.476803541183472 9245 0.106230407953262 24869 173361 124837 4312381
1 90318 27768 8895294 971217 7467 0.248901873826981 0.147249594330788 9660 0.327616214752197 11831 122928 152186 3405973
1 43289 9940531 89503 1987265 204 0.0565409064292908 0.119735665619373 4525 0.202927097678185 5189 42796 49764 2376316
1 54941 531310 6778994 2798816 5217 0.0560546591877937 0.471820414066315 7810 0.118292316794395 15883 79425 59631 1518812
1 30506 137290 832470 1333534 3125 0.174958020448685 0.199773102998734 3452 0.0578456558287144 20914 60138 72667 718649
1 12006 4400846 111137 822930 2406 0.361056596040726 0.0982254594564438 4185 0.277706116437912 6849 31070 51732 1044316
1 10346 171510 86942 32167 2450 0.0681789070367813 0.305391073226929 3441 0.151529103517532 4228 12354 13630 1166084
1 346145 5841610 464356 5847989 1635 0.0684431120753288 0.0901631787419319 6224 0.0924108922481537 43411 619551 423908 7093493
1 116864 638658 265623 764360 6082 0.177843436598778 0.275530427694321 9432 0.133153095841408 27947 500929 223942 7746217
1 268209 572308 2482189 5208649 1110 0.244826972484589 0.0507384203374386 9382 0.381233394145966 23057 375490 553830 8444591
1 26444 9438136 3554680 479327 1664 0.347964584827423 0.0734810903668404 4858 0.398089587688446 7202 312622 336159 3749692
1 17158 255030 1727448 4586334 660 0.140626639127731 0.487475663423538 4267 0.0685132369399071 9569 36986 28450 1045919
1 22776 4066158 2017594 1470808 1957 0.1026895865798 0.186870917677879 6634 0.324401646852493 13801 21292 28121 8894641
1 79817 318385 145082 69851 3018 0.355257332324982 0.208098322153091 3917 0.464565873146057 18580 160605 300811 2059810
1 32650 476256 349488 149324 2165 0.363675504922867 0.241252362728119 7959 0.239831209182739 9599 419895 404439 9022574
1 48440 110903 7268221 2243930 2499 0.0984756872057915 0.187530189752579 3112 0.408757716417313 18183 44780 47125 744577
1 16893 143144 1079213 35561 2156 0.377345353364944 0.302526623010635 2498 0.278309941291809 5749 182421 362379 1578114
1 97120 4829631 5297710 407955 1087 0.199673637747765 0.202312603592873 4795 0.36942046880722 72412 169025 211087 3185676
1 146154 8349010 23634 316483 729 0.0933694094419479 0.0624000355601311 2273 0.075182743370533 13440 347037 240462 7547904
1 55474 81568 390152 56726 535 0.132928341627121 0.224624946713448 1522 0.0914671421051025 1939 80478 62421 859920
1 268066 1121198 3731653 1023842 2294 0.120445623993874 0.0668536797165871 7421 0.0955893769860268 12108 247107 244336 3427867
1 85152 311971 6291747 1220485 2640 0.250695884227753 0.082757905125618 7873 0.258127063512802 15519 317269 386457 3768246
1 10343 302595 2023624 1565368 1056 0.376309186220169 0.119031511247158 3885 0.0671540647745132 7032 91226 137054 8215402
1 22065 851816 3406928 3647772 141 0.360219061374664 0.460383415222168 3898 0.211495235562325 17092 456051 482097 6384587
1 49045 61299 370801 4067819 5324 0.0557638332247734 0.195741832256317 9580 0.489146053791046 20138 16254 33515 899562
1 201257 7573824 5759683 1044952 4764 0.0591030456125736 0.166493341326714 9149 0.283008635044098 10899 331268 209810 3930474
1 16351 104759 273214 749305 2158 0.445240050554276 0.0981611311435699 8719 0.108862534165382 35424 272799 513496 3529642
1 159225 5320424 331590 9369734 1010 0.0974461138248444 0.161044836044312 2439 0.257603287696838 7606 228199 262486 2136078
1 13338 47288 140973 1657880 6078 0.477219998836517 0.0608916506171227 6360 0.0564773194491863 11416 39067 49600 5348358
1 98863 94418 214474 485526 804 0.0826548188924789 0.195383161306381 1522 0.298428922891617 9392 229600 108622 1303735
1 214318 9997061 104095 71843 3746 0.269930362701416 0.0757077857851982 7401 0.455723345279694 14241 629958 705043 7999427
1 65564 644008 86311 98695 3334 0.244933605194092 0.242764264345169 3344 0.109034523367882 4945 86127 102159 615362
1 159674 521263 8593792 3832921 3846 0.0516859330236912 0.0601689517498016 5199 0.191890731453896 34618 84002 101599 5171658
1 14533 1023719 258436 634472 5199 0.469656586647034 0.198416158556938 5298 0.370587438344955 40681 419588 493343 2547676
1 32999 368445 88011 8658353 4500 0.0624311715364456 0.291731387376785 5012 0.457238972187042 16253 35731 34860 2938007
1 158830 608208 512112 1494453 8895 0.18294121325016 0.276927351951599 9764 0.397477209568024 99054 158394 184183 4179550
1 10002 38277 1143930 1004674 3737 0.348971515893936 0.0519853532314301 4228 0.0844948589801788 6377 100405 75575 1732030
1 31183 1696382 119552 83771 1979 0.212002202868462 0.148640632629395 2679 0.187467232346535 17578 116876 114243 2150537
1 16161 1679109 1724767 4666128 2963 0.403575837612152 0.0560805462300777 7775 0.261350691318512 9363 175510 166221 5058503
1 23668 619891 2430705 1113250 803 0.316244602203369 0.238827675580978 7694 0.454868257045746 27609 340934 530466 1204151
1 18548 2207201 309398 452809 2862 0.411006659269333 0.171911686658859 8028 0.0893820822238922 56662 65628 117594 3594896
1 60826 33825 83185 6812882 1004 0.0553391166031361 0.0819795280694962 6388 0.13620987534523 7383 71661 85175 1456731
1 23577 214867 256385 203986 6250 0.222000613808632 0.245495289564133 6308 0.0756254494190216 22478 61005 50778 2269279
1 79176 259038 1699665 6043448 571 0.151300400495529 0.271488636732101 1564 0.288687020540237 34730 172678 118609 2066030
1 39851 2087647 111503 59001 1637 0.0724972933530807 0.273632258176804 4677 0.10433566570282 5877 93620 63311 685832
1 10750 96057 53130 47363 1809 0.412337124347687 0.0999135822057724 3645 0.458418279886246 3681 22850 29256 1585199
1 28306 8010611 5466545 5595166 548 0.281577885150909 0.0748738944530487 1407 0.0613312274217606 48421 53286 94068 2546224
1 18762 4131559 1385186 6057093 1438 0.099823072552681 0.346322059631348 4872 0.140926703810692 14383 22535 25705 761729
1 256073 342922 1232163 2638952 4238 0.210651904344559 0.0547907240688801 7042 0.0632686913013458 29385 881708 590208 2936689
1 36986 20441 434759 333704 1106 0.157157048583031 0.124528609216213 5679 0.188867256045341 7255 95195 60003 1303064
1 62067 7089530 7596702 494508 3960 0.0629372596740723 0.211881756782532 7789 0.0624039024114609 10864 137788 82095 7840821
1 64517 205744 51382 6054035 2716 0.101341493427753 0.30678802728653 4314 0.0699186697602272 47058 27687 83263 6311523
1 70511 6109658 5629953 145776 795 0.0720644220709801 0.161340743303299 1637 0.351321429014206 31625 39205 83877 9622148
1 161066 560987 4264327 1211930 694 0.103256084024906 0.058270588517189 5176 0.275694727897644 12549 140329 140875 2432940
1 78977 262734 4178196 143037 1574 0.0705704689025879 0.059446070343256 2805 0.402591347694397 32943 137918 102148 1603527
1 28676 135749 57535 42459 849 0.106425561010838 0.0891704633831978 3231 0.381771475076675 8744 94740 50967 3365315
1 26986 806014 445922 37339 110 0.0873119309544563 0.127248823642731 7697 0.404308646917343 8808 16252 25370 9229785
1 368085 87856 148184 85338 7173 0.0605483539402485 0.168249249458313 8185 0.160543099045753 19510 269320 367018 8451380
1 60735 411825 976625 4535093 2995 0.267308294773102 0.280891597270966 6883 0.123775444924831 43318 450147 401728 1704978
1 47032 416511 447086 473157 4720 0.0661929845809937 0.134169414639473 4948 0.309501171112061 19019 118944 69221 1816728
1 32689 8747764 1559573 263043 6748 0.105099551379681 0.215665698051453 8583 0.11419515311718 10032 43296 35164 2229215
1 64694 15165 1052274 128386 157 0.364820212125778 0.46659904718399 3859 0.189459234476089 6210 196975 264417 5765501
1 169114 358484 89878 157047 3099 0.273192077875137 0.0806496366858482 3195 0.389639407396317 67033 291622 455543 9563603
1 166158 6212672 9335730 167056 393 0.193644598126411 0.154671475291252 7835 0.08306023478508 23546 498204 297711 7329388
1 30523 167854 988401 276404 3702 0.273662179708481 0.148728653788567 9803 0.407374203205109 13378 21955 34977 6218819
1 126544 414049 96832 3426324 5515 0.126779764890671 0.0859009996056557 6090 0.368982583284378 94766 32311 136404 3303909
1 11260 126766 433609 4855390 1466 0.155948385596275 0.071457713842392 4781 0.101987227797508 6746 27056 26171 3644198
1 23893 713302 752363 438477 1801 0.0591578930616379 0.110209695994854 3395 0.077751949429512 10559 30798 35096 504044
1 118056 268291 860868 8587923 1795 0.0892792791128159 0.202376157045364 7870 0.0570309832692146 32864 407214 225158 1677669
1 19623 9738879 5478502 2172766 644 0.0784125775098801 0.357526838779449 7076 0.30802509188652 7952 26557 22693 655891
1 45227 34858 12907 431416 335 0.065561555325985 0.23384515941143 922 0.0691383332014084 5201 24429 29909 614507
1 52267 2109724 38061 423677 3992 0.230644255876541 0.0823482200503349 5405 0.0538657791912556 66535 79418 125119 8499504
1 197232 1036362 1242412 8327550 1415 0.12238060683012 0.0573890283703804 4526 0.110320597887039 60985 804525 561741 6697434
1 118786 1199265 1366881 84200 2756 0.219960689544678 0.285464584827423 3676 0.221230283379555 5429 592822 481316 3676708
1 358324 1052283 5624232 158098 3140 0.134254783391953 0.21007277071476 4338 0.0684940963983536 9935 340557 293063 4641612
1 321583 918205 899195 136612 696 0.0857909992337227 0.100730650126934 5122 0.0943622663617134 16458 278464 335343 1819123
1 66556 207208 6919260 47259 703 0.118127830326557 0.197555914521217 4487 0.34935399889946 19875 48257 55694 1442198
1 96332 2074635 2767145 146721 395 0.374837517738342 0.160050272941589 8587 0.070073239505291 27153 802190 660775 6439245
1 46729 5290307 541809 402475 4945 0.281418561935425 0.168301492929459 9685 0.213174641132355 13861 395379 327308 2380516
1 28282 34129 27575 236528 572 0.293604284524918 0.174569621682167 2963 0.461457192897797 4335 186021 183258 805240
1 178564 645999 245204 6989895 1074 0.388630867004395 0.300941377878189 4686 0.0992019400000572 14429 384236 652865 9610836
1 191243 2274798 3625439 336635 1770 0.106022760272026 0.211430698633194 1918 0.212594881653786 33059 266293 342120 7758257
1 53707 486267 1310548 986884 4252 0.0535685271024704 0.0604027919471264 9488 0.0571018010377884 42032 10721 54978 1520845
1 168958 52603 476308 9989627 5170 0.223752066493034 0.218797132372856 5464 0.287223696708679 9262 396613 525439 738264
1 89121 1269289 268535 546997 1322 0.291741967201233 0.0787458047270775 2988 0.311659723520279 3629 435008 391132 9372355
1 36075 957554 145512 2139961 4571 0.0606050975620747 0.315925449132919 7502 0.0879906713962555 11748 44217 49946 5312549
1 386904 842194 589641 9246594 911 0.112864091992378 0.179001942276955 3354 0.108796812593937 25154 1226971 691618 8921041
1 53290 3291887 146442 46197 2951 0.058599554002285 0.118660964071751 6835 0.220589146018028 13431 40691 56967 3831102
1 88417 279797 48602 67265 1719 0.166898816823959 0.21650642156601 3724 0.0725537464022636 15227 105612 159692 1176532
1 51672 129070 1220615 1967622 107 0.0810840129852295 0.151708394289017 704 0.345962375402451 48384 80531 90586 1398494
1 383725 24515 636307 2112366 4005 0.113450840115547 0.15106301009655 4487 0.217715501785278 7167 1411646 713004 2258468
1 40329 403457 445931 132533 1484 0.191449150443077 0.0781887546181679 2003 0.163908511400223 6110 54109 46295 721356
1 20707 3067216 1202310 3597920 1568 0.343202143907547 0.196021065115929 7148 0.0537040568888187 10408 148898 148262 7287968
1 413944 33375 19955 122118 948 0.0672614574432373 0.0816948115825653 3049 0.489291161298752 3696 572916 567110 5446126
1 18217 57292 26009 136232 1135 0.286561489105225 0.331856280565262 4167 0.0628420785069466 10391 36052 44280 8149948
1 96731 1339034 1206257 1952243 1893 0.186402872204781 0.110693849623203 4574 0.171641498804092 4855 376168 335418 3902905
1 572722 123383 597783 4316840 3670 0.0719060376286507 0.0502387136220932 8812 0.0733764618635178 8813 579512 412127 4644823
1 80225 2162325 370477 4230172 1058 0.285597383975983 0.101265892386436 1819 0.0627775564789772 20017 511821 661108 2787533
1 13786 40130 163396 57239 1706 0.2215496301651 0.0597642734646797 2059 0.0893655642867088 2395 69126 55830 1364190
1 89817 41103 550405 57004 5982 0.0802881494164467 0.468902170658112 7070 0.0808295533061028 11215 153266 87324 5347042
1 81881 58027 3021789 1054769 2372 0.0506838783621788 0.189361169934273 9865 0.162167087197304 28894 72488 91358 2002660
1 54886 38587 6832856 576361 8055 0.26321479678154 0.383052259683609 8904 0.393076539039612 9339 113568 150035 299949
1 14543 1508583 7779488 420535 2107 0.348947763442993 0.0728087276220322 7397 0.228712648153305 9729 295314 237670 1544464
1 37687 40266 699958 687964 2797 0.188135877251625 0.0573205947875977 4464 0.159141466021538 6259 29707 43007 436764
1 49638 38773 31014 5967495 359 0.122100032866001 0.15105277299881 808 0.400108098983765 2810 167103 115686 4754384
1 39906 421788 4254305 84295 340 0.328201472759247 0.0787265747785568 4007 0.20625738799572 6915 354516 355774 1036966
1 157308 1804144 269153 103240 4397 0.110745139420033 0.141367167234421 4480 0.230047956109047 24839 97711 117177 2009469
1 36796 104254 8807263 729295 7597 0.31211331486702 0.121631637215614 8707 0.389533221721649 39159 81808 87061 9107972
1 11465 133563 1113756 38273 441 0.218221068382263 0.221824288368225 7825 0.120304562151432 13950 16592 29290 1975313
1 17735 591681 2591954 785006 1710 0.117667071521282 0.0731082707643509 8377 0.136613413691521 26352 33491 41408 1946041
1 616377 1647752 85044 174907 3169 0.162913233041763 0.171855479478836 3298 0.0748838558793068 34577 598736 608511 5296736
1 11844 48977 736369 2523708 104 0.270396769046783 0.0775069519877434 970 0.360867440700531 5516 48375 31750 2733888
1 70296 96712 485743 1160924 472 0.101342506706715 0.416412681341171 9113 0.0612424537539482 10032 28518 46854 4563256
1 42808 3810590 102576 2727729 242 0.0634763911366463 0.0944668054580688 1446 0.0682838931679726 4497 32986 31213 688047
1 34824 27606 117975 2167978 113 0.197055831551552 0.134423419833183 1893 0.289513558149338 2179 66928 92945 1529816
1 28587 2610797 81383 68531 2124 0.151108995079994 0.314502090215683 2193 0.255440682172775 5098 92676 43887 6250917
1 15742 3892555 112623 1700705 3274 0.28671270608902 0.495160222053528 5774 0.0683087483048439 25574 41204 67059 6966279
1 93851 43453 7366347 3668338 2292 0.387778788805008 0.188439473509789 5102 0.285732179880142 5427 194019 228875 7820955
1 77511 3533312 1429571 152920 8442 0.218471705913544 0.116093300282955 8816 0.172524735331535 17262 67593 73905 2643370
1 58067 407475 4976536 344266 3893 0.209190085530281 0.073388434946537 6827 0.157771021127701 29124 462229 272148 5650006
1 24354 156555 112820 1302151 2414 0.0642553642392159 0.495253264904022 5348 0.207890018820763 6614 78095 36265 1624645
1 14443 921149 2376010 5082883 140 0.291635781526566 0.149439632892609 3497 0.0572578087449074 7101 252571 202855 2192659
1 326195 3375747 9548223 1603994 1195 0.0645980536937714 0.286069601774216 1233 0.368900954723358 39142 220909 205607 7317882
1 47078 230266 729238 1106255 2155 0.211002185940742 0.214567899703979 4685 0.0554743893444538 6298 30138 39459 9052084
1 181282 225050 126856 4422892 907 0.0822054967284203 0.154547095298767 9861 0.111468710005283 56143 91427 106786 9113787
1 367892 2903315 882799 207599 1716 0.0813235491514206 0.391568213701248 2595 0.0945026576519012 9376 613263 524724 1977773
1 42235 39947 142013 335312 1363 0.411466956138611 0.0684130489826202 2566 0.229287415742874 3609 247337 579217 750743
1 33358 3416031 244042 3896869 4456 0.057180043309927 0.465599358081818 7012 0.155112594366074 20252 53368 48815 2543068
1 21157 224605 3980050 90885 2904 0.194836065173149 0.0788329094648361 4808 0.171203196048737 11681 65589 75174 893194
1 49158 1541255 178422 1013105 2426 0.116911567747593 0.318565368652344 2832 0.27578142285347 52465 48518 103754 2950865
1 38777 2443351 658123 2165441 2563 0.0699963793158531 0.138739287853241 6875 0.0871206894516945 9759 87380 67631 6674742
1 48914 109413 8253683 4464315 3170 0.0773036107420921 0.146495446562767 3342 0.263162344694138 11437 187348 102203 4012331
1 504499 3165683 1945092 4265454 2110 0.0542015992105007 0.0885090976953506 5493 0.374450773000717 254968 1247537 674380 9250897
1 48386 447343 325409 6147544 3014 0.190404966473579 0.253673851490021 6146 0.123725675046444 15370 19760 39591 1404498
1 53218 3661917 510190 5432011 6112 0.340320646762848 0.0552380047738552 8307 0.335126340389252 9442 270936 204334 9486147
1 104777 232248 2955210 9107995 1575 0.123088531196117 0.0909406766295433 2902 0.270723432302475 68922 272858 175494 3676993
1 254980 5988814 106000 998367 4826 0.0748028084635735 0.457703500986099 8030 0.0556782893836498 12984 268789 243226 2913673
1 90322 5368517 2504372 2154224 8482 0.160537630319595 0.215162113308907 8770 0.331167876720428 22216 384255 209743 4627349
1 63497 766820 283735 9961051 4851 0.216816693544388 0.129935771226883 9020 0.153035268187523 43993 31268 69710 6950115
1 42608 51271 1355725 1821450 4717 0.129809483885765 0.0969537124037743 6826 0.230493783950806 13874 71940 53658 592963
1 12018 9630237 2227536 289321 252 0.335349857807159 0.0515328347682953 1540 0.0594252794981003 2401 33699 60990 456009
1 39109 765901 396548 1470813 2103 0.466582268476486 0.156507506966591 5288 0.111395940184593 59317 126246 223790 4665409
1 15530 45967 8341049 7092681 8729 0.231571391224861 0.0917190238833427 8922 0.106028124690056 13259 29154 35368 2276236
1 197173 5314521 1067020 125861 231 0.286690503358841 0.23591873049736 1712 0.110757648944855 18525 781419 524346 4729929
1 76640 2672417 193487 19670 2586 0.0976293459534645 0.0671347230672836 2946 0.0987681746482849 3037 59020 76089 806308
1 70578 782477 495977 59094 8582 0.225588738918304 0.301400572061539 8924 0.19712421298027 18915 197230 132607 2783217
1 20202 115126 770073 2222504 2536 0.263139456510544 0.192957878112793 5287 0.335834145545959 7501 273388 174271 981051
1 122961 7420567 90652 374097 3289 0.0851593539118767 0.481753647327423 5528 0.298320144414902 30867 79537 86347 2285472
1 302623 2851519 56890 1701150 701 0.0818885862827301 0.177701085805893 3760 0.110659092664719 11105 391277 334000 2014508
1 54309 145942 2260069 251343 3439 0.130165457725525 0.169338539242744 6996 0.164723291993141 15779 139112 66623 2698268
1 50086 4887672 138091 23363 1691 0.427946209907532 0.332264572381973 2438 0.0519818440079689 4688 318697 687569 9577589
1 67287 6406084 196890 8567898 200 0.376135945320129 0.159693628549576 7388 0.150666728615761 36734 140289 283802 6449640
1 64646 912940 6517195 6835726 239 0.224545180797577 0.0618721395730972 8392 0.228302597999573 37404 84142 164175 1995178
1 14293 4210677 885960 77197 933 0.424814462661743 0.0512584075331688 2057 0.0617298036813736 18998 107934 124609 4102891
1 33999 12389 2025487 723514 2623 0.0780375301837921 0.376077473163605 2873 0.169847935438156 3109 15443 21220 706017
1 59501 5454943 375403 733254 945 0.22109055519104 0.0520912483334541 2449 0.0728887394070625 98790 192136 192546 6665215
1 30389 39969 895546 4377171 5357 0.0534289814531803 0.429109394550323 6836 0.077111579477787 7529 31505 28164 249460
1 59006 2151715 2177820 2106514 6731 0.104256503283978 0.056923121213913 7415 0.118646517395973 14972 50617 49147 5043843
1 30714 101288 7341147 447122 7060 0.336836099624634 0.0782870501279831 8299 0.365087538957596 12189 306637 241490 647759
1 66490 316368 613471 5070042 3910 0.103229105472565 0.404500097036362 9515 0.0702215284109116 23636 21381 42773 2335687
1 225750 5367866 521115 86026 2533 0.180868119001389 0.0504448972642422 5707 0.348869293928146 47412 190253 266660 7087791
1 99800 1476750 1025695 159774 3604 0.409148246049881 0.0747304707765579 4805 0.0772462263703346 4961 216508 287588 7158676
1 71354 823179 5199247 361799 7691 0.214681699872017 0.242022231221199 8917 0.147674009203911 12608 57481 59929 6104365
1 10355 72727 1811398 61491 1733 0.297309219837189 0.229932352900505 3134 0.083561860024929 6587 297969 396912 9834751
1 52567 302023 628106 170762 407 0.268926322460175 0.280211716890335 9379 0.0783743187785149 21850 32270 53828 3261600
1 68220 45985 31637 2475175 2320 0.0512875914573669 0.205419600009918 5180 0.21306973695755 5359 42284 54164 5875825
1 489889 5389157 202587 462887 980 0.0636204406619072 0.0718941316008568 2587 0.0778806954622269 51179 317147 449584 5508824
1 109123 159869 183123 4452118 2577 0.084171935915947 0.0538072623312473 5351 0.089857816696167 19809 277998 251053 3174714
1 10093 874147 4884406 3623586 2211 0.0969960317015648 0.0571830458939075 3736 0.197082430124283 6203 16643 14921 1672065
1 104433 7853629 2681858 2614645 1347 0.110426723957062 0.123797610402107 8777 0.251565217971802 25071 332510 170992 8711881
1 76988 620086 1799128 83408 1005 0.0616428256034851 0.347910225391388 3625 0.114138096570969 4857 59354 61923 536157
1 80525 1279550 962681 2822424 1456 0.205713212490082 0.208299994468689 5070 0.13108865916729 15617 442931 260896 3312038
1 56596 6743255 732146 4371452 298 0.173315867781639 0.22990608215332 1494 0.15382918715477 9582 39897 54310 947529
1 262374 4490092 132452 139611 4663 0.269025057554245 0.456351429224014 5505 0.466563433408737 55491 633870 582421 5886880
1 63382 2733316 6463279 1233017 5943 0.153096005320549 0.231374710798264 8157 0.468929499387741 89529 116461 167072 3041516
1 24324 2032012 2498435 2994201 2832 0.129643604159355 0.0505326651036739 4844 0.131835848093033 5833 24806 34917 8153677
1 32703 3096756 923847 124581 2220 0.178345561027527 0.210767805576324 4009 0.115187212824821 18748 144388 64855 9199526
1 40640 28016 129558 2415807 674 0.0791835486888885 0.262534081935883 5415 0.0891536846756935 7041 18385 22549 928694
1 920298 540699 397519 749763 4467 0.0681962296366692 0.344824284315109 8078 0.374700129032135 121850 1204992 747134 6670218
1 310527 47226 1201472 288202 540 0.169164717197418 0.293464362621307 4419 0.200646728277206 4593 687390 462171 1361933
1 36412 272733 176438 81015 272 0.0695284530520439 0.166050106287003 2014 0.107186652719975 3229 32926 46893 1026314
1 62640 64465 70989 128664 5806 0.192478582262993 0.414840549230576 7197 0.31172314286232 9674 28902 57377 6197886
1 66836 137925 77057 1708356 231 0.0650754421949387 0.286323487758636 2428 0.12811453640461 29601 133237 72510 3008778
1 94596 107516 609453 362501 902 0.233246088027954 0.0729651525616646 9350 0.136350646615028 17490 685777 596863 8224178
1 75663 72428 356729 1195130 9821 0.127366438508034 0.10547760874033 9945 0.0943713486194611 22990 20824 40356 4873009
1 17556 1584223 625520 406974 1166 0.438739210367203 0.106674805283546 2991 0.0559659004211426 5585 620607 596227 4074481
1 134061 43915 3946076 241773 4826 0.243402063846588 0.165354654192924 7387 0.152305617928505 11702 546190 363195 912634
1 35685 14411 3070849 64812 1516 0.264275163412094 0.0720729231834412 2410 0.111948288977146 5859 86317 67529 8737203
1 114856 4090410 171109 3237264 4521 0.38731786608696 0.0759806260466576 8968 0.216559261083603 22129 312302 454202 2053322
1 469726 2556375 1204704 949420 1408 0.0669764652848244 0.271252781152725 8689 0.359931021928787 35720 229294 286223 6573068
1 16661 289283 473129 262811 4622 0.113193340599537 0.296035885810852 5188 0.0918499454855919 5317 25366 17159 2695268
1 192802 130922 1860956 301658 841 0.248297169804573 0.372165352106094 2672 0.0630230605602264 26711 1209547 577476 4866786
1 68433 87820 1878890 659310 1160 0.264656156301498 0.182621240615845 9850 0.0924669429659843 27152 187965 328743 1386544
1 94120 215180 1339184 5442796 506 0.259013116359711 0.0621967576444149 5705 0.309742271900177 70105 191960 345958 4111726
1 363387 238027 114434 2168479 1521 0.115812890231609 0.103379778563976 3534 0.483759880065918 15288 1147595 472341 8335399
1 14936 695144 439791 1438658 6283 0.45907935500145 0.170031309127808 9888 0.137973099946976 12604 35446 79957 8235403
1 85517 2346491 1163249 860777 555 0.249712541699409 0.0692340284585953 2144 0.280388802289963 86739 123267 186769 2325791
1 56407 1189339 510937 80378 1217 0.0617355778813362 0.104380652308464 2096 0.146208420395851 20475 122712 88331 1336125
1 297439 3755712 1414002 9292730 2936 0.212806761264801 0.0662520974874496 5020 0.0591372810304165 13984 510230 396992 5323199
1 16908 154875 6445166 472724 2273 0.0710806399583817 0.196198701858521 6531 0.353633195161819 13410 58655 30798 2728829
1 13035 5741603 1407902 2226360 7223 0.380758881568909 0.139652624726295 8564 0.095386914908886 11569 18574 23467 1679602
1 366579 8743868 9246557 5289353 3407 0.169537544250488 0.160894647240639 7929 0.330610871315002 51659 642991 539782 3423131
1 120636 850247 1062342 5434799 6681 0.128532484173775 0.112858846783638 6798 0.102826997637749 16695 425821 199406 2627291
1 128743 203787 6409042 1028646 4166 0.052080761641264 0.0737861022353172 6118 0.10536102950573 11627 477722 271515 7770752
1 136298 3436637 753096 2548687 475 0.081220842897892 0.059065043926239 813 0.276042103767395 2316 471933 269235 1433846
1 18502 78533 118833 2470817 128 0.0522391684353352 0.0919480621814728 3955 0.372457444667816 9217 29755 33724 6015806
1 119557 4599079 145407 78857 4855 0.314052641391754 0.121787920594215 5168 0.263057500123978 42359 378299 602205 7306750
1 40021 961564 42263 8486475 3675 0.345260083675385 0.0825061723589897 3936 0.419844418764114 4419 240461 230401 1618260
1 65469 895488 2490540 132710 825 0.323182702064514 0.201737955212593 3691 0.223877638578415 5538 262527 241757 847811
1 12149 5538539 18672 1756529 1667 0.419066846370697 0.0874998271465302 2816 0.437964826822281 21648 86424 150346 3181369
1 77955 78908 3686423 382559 2078 0.0631253272294998 0.308641850948334 6102 0.0577840022742748 19994 138941 72423 5858893
1 20817 30264 91572 124783 955 0.29816472530365 0.235368996858597 2073 0.284996896982193 2265 105658 59746 1470945
1 102757 5324814 83455 8106109 6478 0.128133535385132 0.127700880169868 7425 0.130640015006065 127432 158329 219596 6911277
1 23828 3077794 416830 1874999 5165 0.305096745491028 0.058617252856493 5232 0.0697963014245033 176889 599835 716718 7450875
1 29421 66486 87585 1041227 1022 0.099026083946228 0.245361283421516 2640 0.0826645419001579 17478 21628 27353 486074
1 58003 40746 3755397 51928 3450 0.063166119158268 0.0801558122038841 3679 0.353882193565369 10015 49310 70522 383296
1 58048 33146 3012589 2195800 3611 0.0721261575818062 0.265083819627762 7581 0.0902154743671417 11938 90534 99182 1284695
1 51534 76948 1668156 8565314 7375 0.153760254383087 0.0847310200333595 9557 0.486239105463028 24932 82828 63664 762761
1 315175 880933 4144806 1877854 4542 0.157732859253883 0.4533511698246 9376 0.0848535224795341 24459 202211 222808 8029832
1 14257 14158 390631 35039 1587 0.281167089939117 0.11181429028511 2264 0.218345448374748 5003 41470 29292 3995461
1 51702 1723156 872056 556846 3153 0.0552797392010689 0.436016321182251 3327 0.100036546587944 44265 100042 79602 2964968
1 48174 509718 3167586 167943 5066 0.339056998491287 0.401938170194626 7160 0.234679877758026 14466 221149 364195 636015
1 12177 67080 1939747 644545 1610 0.210081785917282 0.440315842628479 2575 0.31290990114212 3322 12379 22614 8509321
1 209364 349221 2683813 1691266 2432 0.216593727469444 0.348500400781631 5434 0.0764284357428551 27362 289204 489089 8000060
1 37419 1793888 188228 16530 2743 0.109475567936897 0.0663221254944801 3712 0.11184723675251 7955 30202 34839 840868
1 21629 1340916 164647 5323667 750 0.294862002134323 0.294843703508377 2203 0.403413832187653 3481 31064 32037 1641230
1 39437 26794 8272169 3628862 2380 0.0995655730366707 0.310845404863358 6792 0.313679248094559 7017 188181 76288 1003213
1 143214 1750886 3696203 1998893 7731 0.220843598246574 0.237122848629951 8203 0.306892931461334 10597 976040 421306 7163946
1 41541 87611 2586247 463562 1617 0.236429989337921 0.0534970462322235 4070 0.0526119880378246 11520 595975 537511 2254072
1 14345 4696498 131944 750552 1244 0.440975546836853 0.432588160037994 5270 0.323807418346405 5627 52615 82151 329578
1 11807 251975 1654331 32782 3547 0.391375929117203 0.0739565938711166 4828 0.180124416947365 9904 28651 61536 728183
1 125362 5928803 2494132 5362583 2361 0.120082907378674 0.126410782337189 9452 0.0837815701961517 48303 35353 91279 5752458
1 24985 74267 8544022 4309713 3663 0.341799885034561 0.238900110125542 9511 0.0697891637682915 24109 233217 270754 492089
1 13198 24289 294271 5063656 1219 0.128137946128845 0.0557545535266399 5424 0.263706058263779 7237 49022 24479 275823
1 32819 5835480 153431 670121 7164 0.321874648332596 0.138483241200447 7482 0.382221341133118 34751 33781 91029 2167612
1 41960 38226 297113 3763682 3509 0.295975983142853 0.0745058581233025 7656 0.392754584550858 8225 69274 147152 670343
1 18335 1606030 826894 24399 679 0.253324151039124 0.219404667615891 3374 0.435962527990341 10715 12847 25158 6688766
1 21701 54105 394542 4059590 730 0.198186412453651 0.241558864712715 3455 0.430718421936035 16777 65617 75912 2095868
1 34113 714257 1781763 7630222 7236 0.263360321521759 0.260400980710983 9962 0.372601628303528 13887 46290 76163 412720
1 356353 585107 71466 333505 9819 0.0634393393993378 0.19213505089283 9915 0.330134302377701 87024 446433 400756 2639351
1 63588 852034 647856 422456 411 0.160112321376801 0.0502308793365955 5299 0.428444564342499 51755 350681 172323 2956942
1 69690 912916 9939668 1090095 1192 0.0837555006146431 0.195731177926064 5484 0.164242640137672 6744 346266 152916 3193166
1 109322 472999 8796836 3181237 6870 0.137371808290482 0.0617797635495663 9396 0.444179326295853 31976 65535 131892 1129632
1 412012 271961 9423400 54930 4597 0.0912877172231674 0.0672412216663361 6287 0.162720456719398 22673 748428 740812 4923222
1 30169 2024147 197379 5409007 1591 0.385987609624863 0.461965173482895 7395 0.0886164829134941 71322 250649 249320 3241442
1 86028 2324401 85837 6769710 4148 0.243790447711945 0.0525473169982433 5548 0.0556071177124977 34116 340858 426022 5593859
1 60819 216892 233056 55125 4369 0.0788461565971375 0.259694069623947 9698 0.429970294237137 15777 107062 95327 850707
1 55109 83889 3092328 171287 1219 0.082780696451664 0.199096903204918 8887 0.243539988994598 10415 250629 142542 1626650
1 38934 6491703 16527 339686 916 0.305492997169495 0.072698712348938 1963 0.402967572212219 39861 447762 738832 8352511
1 74794 7805774 199567 6407736 554 0.140265300869942 0.0596530251204967 3088 0.0694314762949944 7982 376233 196825 6568066
1 112068 21068 161820 82421 1632 0.0989332273602486 0.424345016479492 1714 0.236363962292671 4538 673276 249565 826484
1 22049 52159 2600563 546817 4823 0.198023989796638 0.15131750702858 5312 0.125067383050919 19094 39213 55176 5725616
1 82454 158081 2214937 2318635 1590 0.070475347340107 0.157811775803566 5958 0.0722431987524033 7101 107228 58642 1541298
1 26787 65395 3419394 912226 1579 0.243909776210785 0.405869662761688 4543 0.0583937987685204 6329 781603 699394 4809659
1 70274 33300 42151 899204 353 0.0815772414207458 0.0957068651914597 5341 0.199941009283066 11557 127908 71698 5329163
1 10355 56323 209917 163333 3345 0.431691557168961 0.238971993327141 6604 0.196207076311111 6755 445664 218860 1965081
1 49507 241265 2542015 254312 2594 0.145905941724777 0.159343168139458 2634 0.0850257202982903 3885 231024 158552 879076
1 40833 101014 1408833 6932283 4367 0.229528874158859 0.158785492181778 9463 0.0611973367631435 27388 288477 195035 1805765
1 201347 70125 6624858 244281 682 0.136747911572456 0.165589556097984 6499 0.144790500402451 36578 229544 275587 5253885
1 29535 23587 183536 1990483 5888 0.274689346551895 0.294342279434204 7124 0.071867473423481 11368 28326 35972 4046293
1 68508 251625 3474320 535468 6369 0.139586076140404 0.0940540209412575 8481 0.228931352496147 16523 232373 92907 5986173
1 28152 30652 2331645 46908 4089 0.271635860204697 0.105235122144222 4775 0.339817702770233 13735 32494 51825 4364719
1 26436 6484302 294187 530063 814 0.0643582791090012 0.218196734786034 6757 0.0512708052992821 8195 99324 52530 2247544
1 106816 218205 466754 1521659 2140 0.390132695436478 0.0620671808719635 8315 0.0591113641858101 17242 1013531 666188 9054842
1 101428 116507 32761 2554783 315 0.133345663547516 0.11363473534584 4606 0.154446199536324 5961 96313 85072 7112630
1 472212 349663 1569634 2709953 1235 0.0879596322774887 0.451986610889435 1820 0.300568521022797 26513 482736 314613 2815385
1 17131 1494298 50053 797690 4459 0.180907040834427 0.0810656175017357 4934 0.434264242649078 12497 17570 22452 1940308
1 20182 1619298 32395 377675 621 0.0812329202890396 0.222322776913643 3510 0.240974619984627 11649 44225 35188 689283
1 171948 39641 627503 155373 4579 0.0587212778627872 0.273545235395432 5195 0.396330893039703 6137 946307 276447 9842562
1 25936 119138 1247174 5487819 9276 0.129918426275253 0.454395413398743 9744 0.0961061716079712 10177 10531 16033 658969
1 276633 8020984 716018 4544392 1275 0.108837008476257 0.229641944169998 2776 0.316978991031647 19446 257285 211776 4155273
1 108787 24159 3514766 4552355 6338 0.187636464834213 0.320320904254913 8046 0.118318736553192 8609 279069 301202 462502
1 49359 2053691 23716 2268779 1132 0.139692768454552 0.215609475970268 1323 0.384458065032959 3936 73004 99418 658688
1 18878 1083743 399747 6205312 332 0.297517746686935 0.484701961278915 1873 0.0556680113077164 34498 646416 532026 1603884
1 30717 638377 2184088 1461590 4927 0.396903842687607 0.37494108080864 5071 0.167583897709846 5919 289022 595476 6027844
1 90722 1419316 1930703 8923356 4124 0.0890804603695869 0.434641510248184 8852 0.11705394089222 30195 385141 151345 3685261
1 114893 1182520 3790076 936672 7127 0.168605074286461 0.436250776052475 7544 0.0986738130450249 42783 249040 317844 1347905
1 21542 4176780 97280 131098 4383 0.103255540132523 0.0749445632100105 4934 0.293760418891907 8637 50176 27064 563876
1 17368 276828 1233441 1959346 3841 0.458656638860703 0.300211369991302 9484 0.447382241487503 129504 185138 391257 2288001
1 33431 6641273 193934 9107946 4031 0.0868499800562859 0.147497907280922 7544 0.0647466331720352 15455 10455 21465 9116993
1 27431 29479 31502 7697328 831 0.148357942700386 0.123614519834518 2749 0.14354220032692 4406 28641 28100 167582
1 268872 38714 425918 171027 587 0.162993639707565 0.130477517843246 3250 0.160651043057442 3580 333664 266099 1500802
1 24833 3489789 9644135 43852 5857 0.285281896591187 0.0503259971737862 6307 0.433736383914948 21661 31885 67589 2406306
1 15737 37293 5702122 2325555 4299 0.175245702266693 0.201603353023529 6373 0.0527328550815582 7555 23340 37202 1364383
1 24962 341641 998001 176335 3775 0.391461342573166 0.224786251783371 7204 0.25525239109993 9610 122643 267640 506767
1 656302 8711511 174778 299272 3213 0.0879942923784256 0.12715907394886 8778 0.063791811466217 11716 476574 425780 5020357
1 87953 35676 351575 106886 1467 0.150168523192406 0.172445073723793 8966 0.326278299093246 8987 311930 127990 7351068
1 26228 42352 579078 2421522 3498 0.208450645208359 0.197781562805176 8008 0.442707896232605 11612 68357 92358 298248
1 46471 120784 6755620 81445 802 0.185871958732605 0.287194192409515 9309 0.381990492343903 26393 47446 79893 570816
1 13089 104945 9985209 851822 3761 0.126037389039993 0.381008625030518 5915 0.098057322204113 12752 44645 35491 7491512
1 289270 622958 812955 2428311 1166 0.313182860612869 0.117336735129356 3997 0.493592292070389 7427 341937 516820 4143967
1 50817 223069 512058 2081376 3200 0.0858795717358589 0.0560687743127346 3714 0.0596274547278881 10447 306115 116111 1592286
1 127774 938256 260336 9090013 1456 0.130189538002014 0.293591976165771 5178 0.352573871612549 45683 62048 124167 1600847
1 11222 57727 512626 6617821 9218 0.48960155248642 0.395808458328247 9906 0.0720045641064644 18424 23956 33182 1451438
1 84472 7847487 77524 22253 269 0.0616461187601089 0.19911715388298 2306 0.385502964258194 5666 270648 171672 2662677
1 334310 1118602 395982 48659 993 0.281435966491699 0.365815281867981 5223 0.269094169139862 9114 326373 414739 3983333
1 82567 7569641 48162 9429455 4898 0.179446399211884 0.0963928997516632 5839 0.0897802636027336 44418 244120 207191 7452312
1 91090 2877049 468151 1415118 4909 0.199933990836143 0.053625077009201 8547 0.0599102340638638 47612 755507 322042 4351827
1 68681 127189 48805 1003691 3711 0.0532245859503746 0.457886278629303 6174 0.419663816690445 14246 34899 61155 640772
1 12553 1159067 1143771 1783927 4947 0.437571465969086 0.200724363327026 6421 0.195404842495918 27360 74640 166804 1718931
1 23495 12854 270237 30247 2542 0.330276489257812 0.351835370063782 2559 0.144888088107109 3802 179266 87222 1068675
1 102349 3764543 3867713 3869523 5218 0.25854566693306 0.0973387286067009 6041 0.174968302249908 45712 244924 335419 1272682
1 35940 262687 86312 5205550 1502 0.143964886665344 0.280260503292084 6909 0.316208273172379 68562 50240 87798 1701356
1 18521 43201 107127 276266 2395 0.206373378634453 0.0680737271904945 7360 0.249979928135872 16250 18023 25044 4024412
1 25727 96568 149100 124644 4235 0.118730783462524 0.223861381411552 7320 0.156135246157646 26531 52777 55523 640466
1 30333 406737 506014 322232 4534 0.2938332259655 0.0705173835158348 5038 0.178831353783607 13845 16985 29685 678492
1 58027 43353 93083 38144 1727 0.267154693603516 0.352909743785858 5316 0.0963906720280647 6298 381761 292986 1846678
1 40822 285408 259158 4023335 3351 0.0675734803080559 0.126664981245995 3874 0.0620899051427841 4881 36007 30529 285213
1 38184 198126 5314391 1522048 981 0.436445415019989 0.393070161342621 2982 0.345391601324081 6565 106546 124793 8730416
1 403714 82727 41623 592134 1168 0.0649460181593895 0.294875741004944 1446 0.151778131723404 29187 942241 470488 2097993
1 21175 343957 911543 51031 4122 0.148510619997978 0.0555122569203377 5126 0.0543532818555832 7124 61668 51972 356835
1 51117 44220 9008702 416758 1779 0.107851900160313 0.0729168951511383 2115 0.343428403139114 8896 13968 24835 612349
1 32664 80523 746895 315290 385 0.0789905935525894 0.331964612007141 8358 0.0795819833874702 15461 74887 78709 5862755
1 28077 25161 5555500 192707 6378 0.0699725523591042 0.0836845859885216 7407 0.0942432284355164 9300 75518 56597 2441034
1 74485 3250597 62204 602129 4079 0.147566944360733 0.0571098774671555 5940 0.0858313217759132 32326 318009 225643 4466663
1 17137 16239 1123995 3043349 2077 0.120404414832592 0.492728710174561 3965 0.165424197912216 10310 15825 21909 2718482
1 125882 254358 1595465 205162 666 0.128758892416954 0.0956703573465347 5117 0.141308128833771 27218 293086 299380 722914
1 74903 6601643 250354 173494 1168 0.0615384615957737 0.253269761800766 2024 0.126552432775497 16040 397117 180282 5857726
1 12508 1399385 76646 162579 4941 0.186240881681442 0.42608904838562 6827 0.0604374893009663 13260 35030 31261 7271687
1 33611 3444665 265362 1042858 2491 0.478182137012482 0.0546916164457798 4766 0.338502794504166 10466 213296 276042 1010361
1 19367 204295 47813 379249 4757 0.0535925254225731 0.0918883681297302 9537 0.0866849049925804 10125 10280 18265 2971358
1 35682 763252 979879 20585 2028 0.0968749150633812 0.257659763097763 4026 0.148843750357628 7187 60536 43573 398870
1 13404 2710753 3408979 116653 351 0.303912878036499 0.336106300354004 7186 0.175246134400368 8742 150083 207283 8018819
1 125928 2912737 2125248 2423489 4248 0.372370570898056 0.207703158259392 6859 0.298706352710724 86365 442524 428550 4272660
1 207125 23655 4145291 6947869 618 0.092761717736721 0.0898070335388184 2570 0.365719497203827 6072 93994 92265 7555347
1 55959 126166 76742 1991177 1022 0.124902844429016 0.213721752166748 2083 0.334152430295944 5008 203945 95039 513815
1 116410 5096347 7577961 346320 3769 0.302254259586334 0.270849078893661 7396 0.365130722522736 54554 173163 389456 3825052
1 339183 2358723 108334 3599661 374 0.0579761080443859 0.0619509071111679 5383 0.367063850164413 29480 258098 332262 2746443
1 139552 4450608 495859 1921648 4529 0.139313250780106 0.497277438640594 8492 0.0593002028763294 74070 116930 138417 3729474
1 79564 105571 744726 3021749 393 0.213512480258942 0.139086380600929 3154 0.205334857106209 4632 659249 364786 7362373
1 33267 106247 7242190 1105068 242 0.0606558658182621 0.0973459854722023 3349 0.282163679599762 7629 216687 78563 1976650
1 52218 9627840 8661327 504642 2614 0.0894775986671448 0.149802789092064 2750 0.133552461862564 7853 256227 118302 4339173
1 49183 69711 7241506 8981653 5399 0.0595677718520164 0.342878937721252 5734 0.19082435965538 7631 30297 24199 3696305
1 99248 9725354 561679 1891355 2202 0.212911933660507 0.157492280006409 4877 0.0514243543148041 98715 673653 287081 7990364
1 51778 198854 2550500 116127 3075 0.237866759300232 0.135043442249298 4554 0.351963371038437 9416 99598 82453 417656
1 95847 277493 796597 2630904 939 0.0764427185058594 0.117314234375954 3470 0.0693575814366341 11796 481242 260757 2001002
1 14513 317905 722299 1673313 491 0.483031302690506 0.126368314027786 6614 0.223542183637619 29411 30613 97487 3831594
1 12756 6972678 111466 27574 1514 0.412521123886108 0.479795038700104 2193 0.13253590464592 6434 219010 497415 6922838
1 20702 674767 748332 2452763 3007 0.259709179401398 0.14419262111187 5687 0.0599189177155495 28429 923334 406315 6786939
1 18368 84348 9275869 94351 799 0.189779028296471 0.211505994200706 3060 0.0939132869243622 6903 206662 54615 1390451
1 66996 7495133 28992 51736 692 0.245660170912743 0.0589390061795712 1690 0.213386997580528 3294 725139 287543 5374835
1 11496 516748 9755741 82093 250 0.154708117246628 0.053571492433548 770 0.0622368939220905 916 22275 12728 7523167
1 93303 7047982 424892 4426715 1938 0.0704570859670639 0.239844188094139 9708 0.165118932723999 47054 71397 80114 2523083
1 56402 81293 58823 402597 174 0.112529121339321 0.155553266406059 604 0.118457816541195 22703 251128 119103 557912
1 96179 78093 1240018 86548 1776 0.43995612859726 0.138163223862648 8517 0.067493237555027 15673 129358 243541 6304500
1 16081 54615 48505 315989 2638 0.100279115140438 0.371964663267136 3387 0.30574643611908 16960 15837 31234 1622826
1 10690 294606 1550509 390752 819 0.297397345304489 0.163280352950096 4703 0.290505945682526 22430 421517 166258 5806411
1 25929 47138 331763 1011134 5394 0.10919377207756 0.147456645965576 6339 0.0550289414823055 10063 126928 66061 4289580
1 12719 8299608 4828892 139629 8367 0.413411974906921 0.14221128821373 9499 0.111957363784313 13718 536926 344029 3742270
1 80657 77775 180502 300107 3189 0.178956568241119 0.0762264207005501 7822 0.122173011302948 15204 235306 199085 409940
1 20922 73181 1349415 8547251 6462 0.473664402961731 0.381251245737076 8061 0.124430470168591 25697 15127 58539 9222653
1 144736 178365 26524 611272 2258 0.171761021018028 0.279269188642502 2841 0.255951076745987 20757 1002989 351037 7940711
1 246038 184369 324041 3448390 464 0.104099877178669 0.140124306082726 8314 0.190317705273628 111597 230423 330313 3357016
1 49552 103205 158898 7086491 161 0.0872295498847961 0.0903292447328568 2381 0.157573908567429 17994 88052 110244 1737101
1 50271 1859518 120916 9855473 2622 0.05116868019104 0.139644414186478 4622 0.337923735380173 11356 71019 42592 6531199
1 127862 50698 156301 6035489 375 0.0589379891753197 0.251662045717239 2599 0.0783037692308426 3176 430084 192283 901117
1 84178 544888 61626 12186 1594 0.0804458335042 0.177339613437653 2438 0.0652427896857262 5513 214217 113624 3323917
1 93525 126258 280290 22551 2106 0.123206533491611 0.233541592955589 2643 0.147965684533119 8332 269072 111091 2967497
1 256497 72123 688459 108828 832 0.0523596480488777 0.105377584695816 7770 0.072765052318573 25751 515388 231858 2448662
1 163976 2932403 296624 7382621 1470 0.225517690181732 0.243017986416817 3147 0.106435112655163 335860 38750 389982 6266017
1 22205 9624986 1855768 3487782 1985 0.0834488272666931 0.373406529426575 3557 0.0871840938925743 13468 17798 21554 524769
1 10817 26734 682334 101088 1613 0.377716481685638 0.121748946607113 1800 0.0549475327134132 3278 69260 62444 114643
1 207958 9212008 127928 247318 6989 0.0835943892598152 0.436918705701828 7438 0.109110288321972 8909 145262 165408 820395
1 146259 691556 1196226 1226211 1207 0.0700910612940788 0.0981453433632851 4330 0.400237768888474 35222 40792 64901 5910576
1 11316 1911613 2537491 3019587 733 0.320110559463501 0.406705379486084 6281 0.436477869749069 40750 61279 112669 1048990
1 31313 200586 146117 289548 3371 0.141557529568672 0.489634275436401 7333 0.0625806972384453 23918 128713 79372 612120
1 66595 541758 362548 773236 902 0.164249151945114 0.120747305452824 4287 0.0976051241159439 34666 119606 104576 920774
1 178506 6864524 9643246 545166 5382 0.0544805414974689 0.0825724080204964 7413 0.492158234119415 11692 315946 136815 8084621
1 203453 2198957 3121770 3769463 4341 0.115079298615456 0.339456737041473 6057 0.0528470762073994 7141 339743 436616 3150592
1 49824 9908415 2393201 2456017 2883 0.421342998743057 0.061895452439785 5054 0.083648219704628 48203 282821 390876 2119919
1 39495 1036438 2107657 1385480 417 0.26530447602272 0.122709810733795 5775 0.0572655834257603 104684 405132 399336 3111552
1 18963 700292 114787 1037993 886 0.442809253931046 0.123090393841267 5832 0.17987322807312 26829 115209 123490 1794897
1 31427 13415 22837 7559471 792 0.269562035799026 0.270343393087387 3725 0.316543728113174 4266 54320 100264 529644
1 34862 397761 130091 912435 1824 0.183782190084457 0.0577033460140228 2130 0.29138058423996 4282 24145 44004 4165333
1 114263 463020 3990811 1090639 4185 0.0654164925217628 0.189938440918922 6066 0.0532871559262276 35388 679751 303284 2214599
1 89727 7364885 106961 2562922 1640 0.160058483481407 0.110994383692741 2467 0.072071447968483 10137 275291 130824 4453176
1 15742 2549385 93428 2651287 3654 0.106194034218788 0.0508409142494202 3676 0.262722462415695 6293 12810 11853 1049650
1 55724 4038325 51841 73621 1476 0.0956102684140205 0.129293859004974 3034 0.245268106460571 4710 240481 84887 2548755
1 236337 412246 263960 5026468 4947 0.0525881350040436 0.103825263679028 7657 0.2467430382967 127824 753995 432422 2725561
1 149805 13104 4603648 25014 441 0.204680666327477 0.267875373363495 895 0.395803660154343 5386 125687 210496 1441449
1 718306 142320 104227 268767 335 0.0982868298888206 0.180499672889709 1692 0.0520708970725536 5534 525763 606688 3634946
1 31504 159833 178335 3537967 870 0.0571813881397247 0.435859858989716 6892 0.104306258261204 9177 18993 19282 447722
1 138481 431246 7686611 8522918 6577 0.301543235778809 0.0624803602695465 6753 0.276886612176895 218749 549862 690961 7748213
1 19508 396837 325309 2572708 402 0.209986016154289 0.463280856609344 3660 0.11316379904747 5464 59440 77915 289187
1 133210 125635 4420249 708913 315 0.0873848274350166 0.22216272354126 1120 0.352364599704742 1892 752140 253636 9813825
1 12934 108427 2748004 506315 8335 0.287358939647675 0.0657760873436928 8735 0.0645529851317406 16500 80551 41969 981419
1 67388 517828 5598640 353550 1798 0.499183237552643 0.338309437036514 9303 0.140751630067825 17427 417475 539264 3581285
1 34562 1601408 1175621 174699 4358 0.267083823680878 0.34210541844368 5307 0.0621230714023113 26164 594066 265387 5550311
1 476510 4066612 38232 5828482 3263 0.125269696116447 0.0547135770320892 3899 0.105052173137665 79482 869848 603738 6028710
1 140759 27529 79640 140157 1861 0.23262944817543 0.0594162829220295 3798 0.0689042955636978 9141 839213 356154 2397121
1 11853 1056167 36341 184559 293 0.135937467217445 0.065857321023941 2501 0.389055669307709 12381 17132 16978 2711039
1 76661 2368744 194229 162829 1789 0.238802373409271 0.0726426243782043 2668 0.284402906894684 5050 773414 291445 9806580
1 32639 421822 1232859 70865 3955 0.318977743387222 0.0718535110354424 7846 0.267652124166489 37347 50914 118128 1731330
1 248504 702315 3180669 431177 6031 0.0656387135386467 0.471890211105347 6721 0.221564143896103 17771 94440 113740 2266383
1 20354 893222 513686 638433 1438 0.288314551115036 0.312399923801422 7164 0.25675493478775 57016 66439 162193 4952561
1 27647 134157 1258687 35041 6572 0.330766797065735 0.0506329536437988 7213 0.143256992101669 10119 317080 337714 1274448
1 56913 1800217 515655 1810131 1938 0.0647139027714729 0.0878218486905098 3539 0.0777313187718391 25760 73063 63649 563589
1 80827 22140 294950 6723301 3321 0.255008608102798 0.121474377810955 3898 0.420071810483932 4375 201841 369667 230656
1 109935 22637 201942 65869 1183 0.128557145595551 0.0600136183202267 1269 0.157703429460526 9738 421118 206848 3592412
1 36321 370354 1618958 2388629 1866 0.215769112110138 0.217573225498199 4596 0.11289481818676 74645 349528 195792 6707803
1 11678 556255 8632621 366722 6062 0.223249465227127 0.174732595682144 9427 0.148908153176308 38123 11983 42371 2258900
1 47798 223694 1136999 593438 5708 0.319257199764252 0.131999969482422 7274 0.0560506470501423 12316 356418 155766 4569308
1 204240 106511 878004 769376 3056 0.207005187869072 0.13948005437851 7927 0.11196531355381 14682 761342 677527 946198
1 30462 2419653 602164 13284 788 0.052530363202095 0.398924618959427 801 0.478910207748413 4070 43458 48517 255724
1 127530 2907632 894516 753074 2861 0.194276586174965 0.271564990282059 7714 0.185811296105385 30336 71124 157705 6575839
1 41008 3534293 380463 89196 4575 0.283138930797577 0.140211850404739 8578 0.0724124759435654 39345 27395 81643 2160763
1 18614 1290434 623150 1312404 3435 0.455076336860657 0.0690596401691437 4683 0.326085895299911 30270 58532 71307 2065091
1 468281 757740 28933 5569787 2812 0.0948049500584602 0.360321342945099 4291 0.488107979297638 58580 1274223 731987 4757829
1 24226 1718691 613412 311449 2727 0.174247354269028 0.0772140473127365 8334 0.393359273672104 26315 78158 70458 740399
1 36110 7781866 4899390 2656472 1676 0.0876489356160164 0.22226257622242 2725 0.148454636335373 9775 131649 60211 726749
1 37362 6955220 100336 423016 309 0.0572460666298866 0.186654612421989 6361 0.05788554251194 9565 59713 37016 604368
1 293919 219265 203977 725922 3359 0.193977102637291 0.0992048159241676 4548 0.124204568564892 15122 1391309 694229 2561232
1 18730 328701 598148 1261914 4762 0.263992339372635 0.0500723645091057 6521 0.444971859455109 71001 609742 339691 5172563
1 369447 264608 1267706 3855438 2521 0.152278557419777 0.154847696423531 3823 0.0936262160539627 21172 739123 383365 3987657
1 106992 371394 2043283 162366 2985 0.0568783916532993 0.223147049546242 7742 0.481998383998871 17384 30992 55627 858149
1 58293 374658 5433067 6113388 5410 0.159215450286865 0.199704512953758 6908 0.204466581344604 15882 28591 36175 1541507
1 52536 362087 1724627 3893358 1466 0.246480315923691 0.114323072135448 5589 0.219551101326942 58452 235833 116096 9380465
1 13425 3797643 211398 1258392 2137 0.252545565366745 0.318982273340225 2568 0.369814336299896 164440 75706 221009 7516068
1 315188 2041823 3117989 316987 2987 0.07921452075243 0.148271843791008 4877 0.0583118796348572 40547 151193 132201 9519979
1 64981 83600 81033 77935 2368 0.329581439495087 0.175438329577446 4138 0.431196749210358 23784 335368 341502 1029405
1 14851 280171 140642 597512 3267 0.268742203712463 0.114338681101799 9907 0.314736932516098 12532 20070 41467 3908477
1 160940 190412 468091 182772 5401 0.0512702874839306 0.190179824829102 6141 0.147537469863892 43390 140959 150696 818933
1 102194 1276816 8253023 78595 179 0.306058079004288 0.106301225721836 8449 0.213857606053352 23607 87752 104532 7579452
1 238691 134509 6112045 518221 561 0.0839737355709076 0.358391791582108 9789 0.0696907341480255 12130 1283626 333503 3956640
1 292481 5398510 126580 8248791 1314 0.179781347513199 0.144497096538544 4627 0.393215030431747 277232 292704 660458 5896667
1 84591 42257 2054372 258283 2495 0.0587507821619511 0.0682979822158813 5387 0.347895413637161 9323 178832 169676 2567671
1 99397 2420132 1833118 182514 4291 0.187070161104202 0.315721869468689 4449 0.375430256128311 16548 327749 134321 4220892
1 39443 302783 1102408 146489 4769 0.183108448982239 0.0557059608399868 8892 0.17399126291275 41388 266858 142195 6192285
1 15903 38719 7878550 255225 3166 0.282924115657806 0.0522013679146767 5290 0.059210117906332 11603 64838 48710 218349
1 23230 1640305 598828 379939 824 0.34570774435997 0.376619875431061 6793 0.0915991589426994 12183 488492 434238 965159
1 86896 22286 1041274 100443 1958 0.160299673676491 0.0609769709408283 3544 0.168274089694023 9227 161060 244922 489857
