scenario N1 N2 N3 N4 N5 ta raa t1 N6 t2 N7 t3 Nanc
1 18395 26672 118216 28125 10203 1020 0.0934780538082123 2974 1736839 3253 119470 36676 2935184
1 54269 37929 537675 2293216 145303 2054 0.328506946563721 10051 770507 24080 114430 58724 2943535
1 160277 2187176 3117841 10009 421987 876 0.145296394824982 3796 351096 27409 128173 76807 7613105
1 29022 21861 747044 2274545 15845 757 0.0948309674859047 1469 57144 11340 59414 40678 7976604
1 69347 36217 29949 10519 2756069 340 0.187950387597084 3799 24099 11823 146486 110317 3741045
1 65720 537526 51325 1258840 250333 6086 0.0731845200061798 19574 21848 21693 48819 64124 5892058
1 568037 50130 699103 547069 37123 5558 0.345697849988937 9622 2572937 27028 528711 240439 1975356
1 248664 214808 417860 1507740 217112 6931 0.148438900709152 10145 4605801 47124 403514 304969 2410063
1 180610 375727 1150022 305484 80284 313 0.246495053172112 12142 252384 102706 223685 143746 9467640
1 15752 116138 742103 34074 23272 315 0.313509106636047 9379 5439970 17902 19910 20085 571126
1 59581 188865 10777 399588 27828 711 0.129510670900345 3951 1413636 55680 427921 63893 6587672
1 29287 17516 7011494 2012015 44022 385 0.157569259405136 817 302925 7588 35741 21465 3493317
1 55789 94353 324003 18301 151114 1360 0.12219575792551 2409 2909947 51274 75547 78674 2491267
1 148129 183199 565015 314465 48140 167 0.084252841770649 13240 731603 120920 413715 139881 9002357
1 255003 61077 1246008 248684 41934 401 0.143502235412598 6784 165775 7172 1405178 333050 4577190
1 274089 14432 93591 24082 5121847 186 0.322820454835892 1751 308338 2667 597811 347944 7049552
1 74433 382688 262886 8405119 54588 1791 0.170955330133438 4047 122067 12757 139749 61605 8569174
1 200542 42647 455466 1247433 12804 264 0.241312325000763 2162 909414 22290 191272 232611 2710952
1 31937 93160 2307075 24341 307153 431 0.0580496452748775 4609 6874011 9882 441907 95646 4229452
1 20874 67168 2365064 27492 20250 1387 0.364219456911087 8230 80538 9516 106638 28946 7133797
1 140335 3540217 3290426 58242 46181 1495 0.0507558174431324 13389 40132 14417 246332 112301 1907478
1 842460 7107985 72527 5627077 32195 4244 0.148571699857712 12916 130277 31876 778342 744536 3755293
1 75904 67919 1986646 48694 137817 869 0.418519645929337 6430 241392 30756 59675 37035 752574
1 89391 62558 89153 62362 846790 6164 0.168396592140198 15644 214111 26958 316928 60805 9926534
1 64494 21291 233088 11195 34934 935 0.0566825419664383 1832 1198646 16505 283179 149637 4607214
1 176135 35921 30713 168640 95541 2366 0.0657506808638573 32360 44191 39801 3425083 97867 3672179
1 443476 311615 1083263 79155 47599 3866 0.0628157928586006 9133 2300974 50296 209699 150868 4398869
1 183609 61971 62372 32033 7525986 536 0.291436642408371 6978 53896 18645 197177 73398 1152344
1 85206 223772 18368 1636120 783906 289 0.198037713766098 30688 100032 45692 811292 129617 3582163
1 65949 100173 182670 36716 26507 258 0.262483596801758 3874 448193 6650 1236290 72290 7607961
1 46621 225464 537531 43033 66250 318 0.128415212035179 18860 26658 23454 2953232 105689 4944746
1 61653 41976 7631243 49418 30511 1013 0.448395907878876 6702 44914 13895 54039 19453 528819
1 26806 1092534 62782 13930 84816 1801 0.0748545080423355 4553 149894 11109 13529 20891 7233941
1 99738 27044 97355 1043770 16080 974 0.441680312156677 5243 553269 23339 30970 62286 6348888
1 36429 47565 3155294 483710 100887 2709 0.261437118053436 11080 37138 17897 1078239 48401 2266711
1 28946 6771250 264907 2056571 47883 203 0.381374537944794 6023 1101649 18773 28450 34338 941262
1 63390 395443 13610 62953 15445 240 0.0544012598693371 6498 34476 20113 89780 57068 869984
1 988547 2572388 8525047 928038 101589 329 0.184723317623138 32700 802131 52170 1949184 557912 6961592
1 336158 513906 27104 10832 19889 1177 0.106816858053207 2833 265582 49736 1389180 317007 3069509
1 1922301 72625 2577195 105800 66692 367 0.0990855470299721 21670 35920 40875 4929438 153850 4300555
1 156917 563719 3568124 19469 68792 420 0.194691643118858 10303 463517 33814 306271 108287 3927165
1 20400 12922 74489 110514 136497 739 0.180304855108261 4722 2513470 5707 49646 22438 7358796
1 10150 329562 16322 50147 138856 2135 0.269650727510452 14090 129667 19846 14467 20132 3943453
1 66289 24951 620211 455453 10902 4408 0.0533512458205223 7038 44721 9385 258586 42541 3331934
1 222713 1183415 10427 12174 24944 314 0.150575086474419 929 156635 1874 648297 247699 6892021
1 562171 16050 50693 29780 40024 171 0.138606160879135 6272 63167 21372 4827565 278959 4551306
1 895509 318281 711048 67615 171255 8378 0.0630985721945763 17331 110965 68636 5265507 457622 8774136
1 28134 37547 542262 89864 1349036 794 0.254935413599014 1234 32430 11312 141051 32284 4331214
1 62922 61905 30556 24679 57888 213 0.180762514472008 5381 310489 17637 37110 25071 3390724
1 1261750 175116 156352 711448 165804 2853 0.117278434336185 43485 24406 51407 636427 371229 9923733
1 75012 465186 4561728 82795 66638 2045 0.27300962805748 5367 5165615 22208 41730 74721 2080417
1 483041 110558 240833 11660 39017 868 0.115722477436066 3390 3742128 89558 1801724 454831 2425125
1 512767 18012 9592180 80858 1109789 4918 0.105363436043262 10169 2153247 16442 723330 349145 7395524
1 228779 87229 3043167 8116140 32838 856 0.145967945456505 2111 431143 75907 26190 95975 4381305
1 264137 25328 7426741 533315 5001718 289 0.21293893456459 3988 1904245 15765 193605 177585 7867616
1 50942 26606 1402315 2425152 13165 342 0.295155555009842 1086 26210 3109 4008080 99152 4259344
1 45707 24411 26575 10655 10261 191 0.145681083202362 896 16860 2930 46284 23786 1431622
1 13346 5871862 392652 141876 180787 155 0.248689383268356 8362 18519 10220 32143 16804 2959550
1 20212 78764 8355595 314414 23374 206 0.0717321634292603 1450 88228 12107 185236 21491 6734546
1 387906 309200 299428 45433 15574 1760 0.0807284563779831 3443 1016948 33901 372170 169385 1997252
1 18786 14286 3144210 342708 58893 227 0.16780611872673 563 22920 1164 22746 16818 1494668
1 66418 13100 63246 7444690 31707 6530 0.211202353239059 10365 1902829 11268 44986 42477 765383
1 45041 75665 642263 36291 98022 1256 0.494312137365341 4024 36087 11277 2491618 116096 3364889
1 883414 148902 7940866 55985 34095 200 0.322905123233795 4824 14397 8322 2306508 535971 2793297
1 228924 3825962 493995 264805 521335 852 0.0943955630064011 11208 70889 42732 173601 136989 7085983
1 193227 1293120 2131409 146894 803769 5399 0.153006672859192 28922 1309543 41177 136748 161463 3647670
1 45947 16532 74816 39116 22651 553 0.211253553628922 1023 2137194 8473 100938 73940 752423
1 18401 16025 210602 78315 23183 464 0.0516971983015537 757 164960 7876 23653 26544 1499943
1 63561 6650489 40476 14043 485945 206 0.156472831964493 2635 20800 14608 84105 60923 1584849
1 207316 68097 215437 28090 437235 1506 0.0585138984024525 3096 5648120 15749 229169 206320 983376
1 26071 19516 6813607 467231 16125 912 0.0631873905658722 1791 39220 3550 15221 6510 5544019
1 22953 16011 1073352 292415 320650 279 0.295845776796341 4730 94260 6683 20567 10455 1438106
1 75883 42878 3346706 1411868 15946 479 0.328232407569885 4804 245939 13433 405520 32241 1511875
1 104418 9910871 7366155 1077026 123096 13432 0.380225837230682 22298 104668 51171 664249 147048 3871484
1 215908 970685 4058746 524310 92780 12588 0.454842537641525 15718 276549 24399 1074508 428708 1521320
1 14687 114440 1041201 16223 22664 584 0.0905501991510391 5200 826091 17689 229455 60767 6754458
1 312236 186613 449584 1132144 82798 14191 0.329833954572678 22355 6161117 71505 347652 91016 2216461
1 39741 2261435 203027 19965 21158 893 0.0558966025710106 2380 441354 2811 87882 19154 2147201
1 596658 192434 50442 15867 905539 294 0.379214525222778 2988 2477651 29277 438112 468570 4530162
1 47718 9002622 144667 580275 15917 2916 0.254017889499664 3661 65355 15044 56507 22341 5129461
1 45101 34308 14016 2845693 1020431 1228 0.0858722403645515 2665 31608 3519 26783 18919 385635
1 134819 23894 842877 4047073 6074565 1532 0.205719694495201 2046 14504 6143 374088 92413 2397540
1 38809 233392 205342 32747 7777753 167 0.238287687301636 2965 4022481 20925 1271167 116120 5031358
1 12024 5351231 78036 109229 37944 4765 0.152313232421875 5623 146076 25702 30947 27375 9335820
1 395049 25890 101526 220781 79193 223 0.189203262329102 14501 16565 20637 410769 81664 7512334
1 31884 142104 1181143 281417 1951274 300 0.457864999771118 1013 85713 13360 36365 27107 9990475
1 27364 114292 2425520 125860 2969400 7927 0.306361347436905 20585 2281653 22921 116529 31431 3340952
1 13030 46701 19484 855698 1970734 1396 0.381093233823776 7082 1691567 8464 23032 16762 278895
1 80988 4992059 7468068 85976 3259096 772 0.127777576446533 4661 42534 14720 217970 114553 1438494
1 148410 115444 2709101 35920 464720 2683 0.16751255095005 3404 8007980 9089 189393 110185 7614155
1 293660 112652 15190 35821 983305 1872 0.299965769052505 11489 30192 38905 1880773 311444 1828612
1 3563168 12810 1294990 16969 12669 1639 0.116514906287193 5047 1427628 7778 62505 23557 5852125
1 627746 581856 39580 264134 1431435 1580 0.108950339257717 124423 2109131 176771 22874 204076 4187237
1 66448 8685338 2202530 3936638 66286 337 0.364784210920334 8641 738321 12781 101976 89289 947707
1 116687 58856 197370 1694989 3831975 1472 0.287402242422104 2351 598008 21604 1269514 194513 5403630
1 19784 4653936 7495202 45124 13654 201 0.0940016806125641 1352 118580 3510 56499 34660 475413
1 57300 41529 13837 1634597 38247 1016 0.138208746910095 2300 55062 4666 286934 61451 1113607
1 42052 88044 4142888 19563 18748 2643 0.171723917126656 4540 4384802 14255 1973394 406728 3311168
1 275597 44008 3393951 34372 287859 932 0.226631462574005 5673 3511765 37829 67858 75157 663686
1 171805 19095 90490 12318 16892 2717 0.157701581716537 3117 483987 15038 3724588 161095 8413602
1 447527 1071235 547184 11833 28198 1125 0.138497844338417 2054 142766 4080 436048 372742 5591485
1 276654 864306 7688811 10614 1537683 200 0.0793938338756561 2495 6485329 10024 108717 67194 9569521
1 60297 725883 3657293 2488624 173915 291 0.29815086722374 34331 769207 136648 2748122 177678 4666964
1 13081 342827 22068 225292 11956 1621 0.0862888991832733 4663 1119777 7210 64596 20436 737145
1 15309 180976 6363490 29410 4810172 155 0.11433594673872 2612 26893 8680 269566 16603 3646035
1 16195 12313 120937 184457 73745 250 0.167205214500427 994 487304 3667 60995 19491 4585877
1 113086 448111 125950 300102 382081 5233 0.0580027587711811 12606 326442 25013 332268 71236 3488585
1 22554 9151296 6166967 9967697 12278 1053 0.35915669798851 1695 17211 5528 21440 14525 889326
1 499302 1365237 213232 125894 214286 9238 0.0604071207344532 20111 1669106 38210 248877 372242 8423050
1 130443 112052 87629 11822 31491 477 0.209156095981598 5613 2666300 17028 572341 103394 783777
1 117302 962561 2346640 26872 110688 165 0.194474086165428 8273 560182 16357 959516 178984 1750593
1 101495 16815 82369 434029 11828 1395 0.0713456869125366 5011 579868 8042 181437 82481 284962
1 1608841 114549 53986 42911 46047 1793 0.100957341492176 12376 186879 18380 402984 80757 861679
1 300651 420565 13030 42185 21862 963 0.0512920953333378 2078 519948 2913 172270 169818 5236080
1 195115 194535 12432 1485323 277093 473 0.162209376692772 2967 206657 67191 207124 96712 2967325
1 137426 2536429 10325 6337436 2770164 248 0.265855133533478 2772 531029 65056 252225 186302 8573243
1 118813 37410 365581 1576902 426507 3849 0.101753391325474 9354 1918291 14653 36836 27467 2568741
1 97442 3564977 834673 3358345 549863 11608 0.069225937128067 44694 189042 59208 185447 144195 2198156
1 83234 6874371 269271 37843 7623437 2085 0.469849765300751 3374 1679845 107570 192033 204616 4218440
1 32545 27393 199307 332090 15127 200 0.174613296985626 2242 8176464 12794 147584 67809 1233081
1 21925 39159 115332 33358 32102 2506 0.114077933132648 2922 11877 3968 974984 26953 2921079
1 80910 35128 417767 157464 78368 203 0.175074249505997 8827 3743356 18284 1581315 50927 4623683
1 2654892 222686 74629 247254 5751879 527 0.0789789333939552 62857 3035945 110709 2258577 597477 8828771
1 19275 16136 19905 371936 9206781 485 0.14647912979126 1924 583337 6126 38990 15565 557474
1 46811 219379 238511 43312 40928 775 0.309965997934341 1269 3839066 22893 15653 35721 1033203
1 32845 1876265 207721 18604 123565 360 0.214021474123001 399 67258 10192 69523 26415 8536885
1 53220 3394397 38885 19963 2082114 756 0.0712121278047562 3617 10507 7590 58126 27950 1637184
1 105659 80035 307244 38820 192397 278 0.133970096707344 9810 46368 33586 235009 35643 3680615
1 13898 32109 81811 4146452 26783 490 0.0507075823843479 1589 1777063 3345 89807 45944 373119
1 1100873 4979974 16651 16744 20207 632 0.0985440835356712 6564 290226 7821 1146041 305122 5543088
1 32942 69017 1863742 159177 512197 648 0.0501381978392601 3124 42088 4868 108120 33406 7735185
1 27775 55576 592649 4444943 4788279 328 0.0546945072710514 495 153570 1873 157179 33831 3788182
1 43933 11186 18416 27542 49372 324 0.120101399719715 443 698802 5790 83998 20170 3641369
1 96383 175704 27657 14223 1039731 432 0.0858098864555359 1274 46514 11480 225958 102805 806709
1 842761 11586 6407758 5872253 12826 703 0.0926268398761749 1940 222421 2897 1631355 346126 9983746
1 12586 11969 1421241 189401 84312 1400 0.421802878379822 2097 37487 2847 76105 29646 181283
1 225356 41837 46326 5840149 6244564 272 0.130368113517761 2372 911161 7993 447444 308734 2763317
1 145427 223869 779101 10821 515170 850 0.331965267658234 5986 232067 41761 1388279 561479 2206862
1 243769 7089301 3683677 88690 63992 211 0.207054644823074 7386 37775 16761 1027553 393926 3362356
1 204092 1076267 2143673 10419 56178 2166 0.117430634796619 3847 872824 13333 724753 202107 4424334
1 270198 20913 1104958 435672 306435 5974 0.227805778384209 19661 2022188 22164 195230 104841 2353855
1 181522 33621 26032 23553 9978077 909 0.142527431249619 13140 1810881 29430 116057 122085 937132
1 33466 118980 995281 2283904 68317 150 0.129914820194244 16720 1900531 19002 3345022 44943 5754188
1 267636 1081233 779857 33387 23479 3369 0.293684482574463 7752 25714 10170 373501 179779 761631
1 14869 1499509 190921 28913 322422 323 0.166343882679939 2631 6309053 4372 17017 9976 344085
1 293162 10655 16362 3690951 15098 226 0.057504840195179 3427 1176823 7896 1546135 120388 3300819
1 21737 41658 18827 358157 14872 506 0.303361475467682 640 26377 6259 827773 35958 3434732
1 156255 15200 220298 10044 84380 210 0.0837903916835785 3664 622465 7456 2307895 52659 9858510
1 119403 42015 92251 123185 602292 2948 0.269443452358246 3804 1439659 7022 123838 44168 5007064
1 197773 79753 569411 142360 66341 439 0.102335229516029 41377 5367682 93678 32957 103198 2922405
1 78616 12570 459680 19087 10416 756 0.234198853373528 1514 82595 3946 40243 21489 364082
1 101375 50557 57870 3680017 14648 1467 0.121991649270058 2824 6027298 19570 561483 81912 988093
1 53257 76950 355367 45073 53587 593 0.0541683584451675 7957 1264026 22203 1298544 127501 3337443
1 74000 1739175 486571 5216392 10791 1072 0.0819207578897476 2665 399862 3634 45574 22729 357713
1 73022 40788 864087 32640 796510 344 0.112942650914192 388 28957 9378 91133 27182 2917978
1 1078976 579420 1231195 3875866 58202 2486 0.0526139698922634 15736 4594949 16119 1614817 607865 4028431
1 156820 2775582 7008474 57176 1590210 2843 0.107005655765533 14622 1313216 23322 39554 48068 3764308
1 191085 518793 26055 4723016 1529504 262 0.179455190896988 13302 1507748 69492 2076561 687411 5620932
1 230999 12553 1611880 958990 30258 240 0.179209694266319 1679 99514 3628 633458 392492 2665149
1 85533 163716 225907 226854 20892 615 0.462943315505981 4845 38492 16877 17104 18467 3911271
1 478911 29817 710813 23512 40211 1041 0.0934278294444084 1532 1508532 12677 121509 64777 4811756
1 13249 1918965 157683 55887 59643 3565 0.265145272016525 6143 3438990 38418 391032 59837 2785673
1 131878 428651 4129587 347794 21708 208 0.0527490377426147 12260 3107102 41021 1314107 498406 1615223
1 482319 157269 19669 7239601 94333 857 0.24258528649807 2432 7774186 99902 301544 236199 2725818
1 13271 134907 114645 50664 13925 1040 0.0577853471040726 1503 212771 8675 1093918 99933 899146
1 74292 99885 9256496 66810 22327 860 0.261915028095245 3624 2088677 7393 13597 11122 1172561
1 281880 27489 61015 84031 47611 3094 0.26748326420784 12690 203275 14013 236150 27241 1438229
1 51272 3813167 49130 338324 10061 372 0.0561196319758892 466 123029 28691 41346 34511 6584574
1 397763 32284 95631 1892168 49988 2240 0.124140292406082 2357 53364 5959 622814 355586 1760143
1 310131 9769587 32989 15757 19189 196 0.16375832259655 2449 1847802 41524 354538 91185 4892606
1 199350 203745 427883 545922 61266 10965 0.118715800344944 43351 219787 84570 693537 201489 7989962
1 24293 3613446 34636 12448 41725 1780 0.148633569478989 2273 29892 5462 490429 19669 885854
1 226438 3465083 2025558 55158 578262 211 0.0665503218770027 17297 193197 59844 87504 93343 2288020
1 46601 44005 52682 43555 9138617 263 0.258021622896194 497 40260 1220 103705 63704 634656
1 30115 200862 77117 3252121 44503 2241 0.0726378187537193 6230 60568 29701 25943 31387 1307045
1 94626 6965464 74629 180650 165648 6984 0.363185524940491 34519 19433 37843 1536735 233712 2606855
1 22971 11964 565998 11087 46161 223 0.129745692014694 842 25696 8907 175669 13016 882634
1 13108 1940095 1677244 17743 2793366 764 0.106151729822159 1460 243777 3346 42461 17199 493624
1 29838 24510 3475619 956577 167182 338 0.0730700269341469 1976 3884350 7002 54216 37492 161218
1 30851 21448 1609588 6961631 2779029 212 0.077841155230999 617 13427 2897 43133 18418 1219771
1 20835 38223 4546777 17145 1058756 594 0.115101084113121 705 47573 10161 2975933 40157 3081809
1 35603 69915 429861 17778 2362278 770 0.116765916347504 801 1016315 51357 25494 75564 1273679
1 10439 153928 1203428 392429 19034 687 0.262699723243713 4885 410081 9833 167262 27651 2331571
1 19983 82215 1102018 4972154 87427 1050 0.211657270789146 2685 631667 4819 22001 23685 303747
1 97938 8793525 3516592 218985 264989 1019 0.140337854623795 3497 197100 71833 490913 219990 9154000
1 23406 12507 69319 5020857 80199 2491 0.150296181440353 5055 577066 5386 817006 93891 3557487
1 1440131 489707 42462 454809 12499 312 0.238501667976379 5396 394461 31099 333704 142901 7157861
1 22469 315273 97177 838097 1193091 1992 0.124865584075451 9973 759375 22190 59139 47639 1046869
1 342932 41992 274080 7752426 112654 3291 0.439188361167908 12330 1225707 15804 90807 37542 7232830
1 27610 25360 393059 5632274 65282 1673 0.393387794494629 3755 17154 11253 422808 22212 3025270
1 192891 9643583 257846 239531 25356 1934 0.332203984260559 5930 15171 10725 654904 108527 3114067
1 568951 726186 67527 18457 4601233 316 0.0860237181186676 4919 43427 29754 676309 355047 3342444
1 1643175 38551 958622 68339 29099 167 0.0812792778015137 2773 3049928 11328 697949 141716 9434421
1 316166 4021030 128012 7547063 154005 152 0.269880384206772 211 1215778 170811 365290 343672 4327401
1 18088 28831 12077 1529628 1510493 242 0.116412669420242 1726 16112 6005 621049 20612 3487675
1 135240 118525 8650012 1758543 16902 383 0.0691762045025826 9499 166786 56617 1640432 69888 549544
1 53155 79398 141229 47242 25580 466 0.44742488861084 2360 3105982 6848 24896 16265 2412224
1 365632 10284 1602588 469802 672981 2453 0.0605395846068859 3063 291210 4984 529910 117440 7532166
1 239501 1393351 75885 2721346 12728 735 0.402358382940292 875 1141891 220115 195069 248186 4761384
1 219664 249586 211647 823022 588591 245 0.055400438606739 2053 2158057 114621 117195 183036 2400699
1 39508 32693 7879524 272448 45164 152 0.106706775724888 1901 49607 10452 27471 36281 541854
1 11348 225310 2940488 775988 959296 1374 0.28194260597229 3320 2725513 7384 25017 15298 794478
1 245869 169690 10401 260840 20468 232 0.190064951777458 6226 2976601 10754 71069 23668 7104589
1 20847 57766 1716363 513994 582952 3268 0.251710265874863 11632 27669 13196 125704 45507 303817
1 554372 33965 221825 90079 37777 405 0.0526607409119606 1072 125609 6938 1565392 198783 6564617
1 262183 268058 11079 23026 24170 1178 0.0615300349891186 2239 42861 12870 115640 31146 1507619
1 31056 1538998 2618939 20212 532000 1675 0.0903997495770454 6950 994554 9458 200592 59866 957197
1 26880 579422 56363 35440 65021 169 0.388429969549179 178 10796 742 76692 46045 1541034
1 76182 2184453 283345 222314 92393 429 0.0792760625481606 3262 41803 5944 47380 64119 4961392
1 31414 22375 2095203 25998 1348200 599 0.0516139678657055 1798 2116712 5499 94080 29393 210416
1 987586 42944 184004 40932 12048 2416 0.246879905462265 6935 437225 11592 899469 105899 2343229
1 586318 1748934 2310409 4566434 2290677 2351 0.195369988679886 7408 4133295 38921 1139836 335130 5864940
1 144689 386817 603420 47118 535727 392 0.0684139356017113 4509 1221288 80998 2260835 256691 4262468
1 25741 42997 187136 44688 296338 761 0.0684941112995148 1344 67888 8060 113448 13579 724651
1 19823 8289578 156236 4405129 94291 174 0.0772493705153465 15699 521764 27043 630053 61277 1359438
1 30726 3874264 2066412 56967 14015 351 0.432497590780258 586 436493 2426 35267 13393 2179398
1 30886 2557199 11260 22778 67110 419 0.0971447676420212 1979 155146 11314 138378 28530 3076703
1 34059 301601 3018672 363301 25682 491 0.173638954758644 1163 6292313 4702 24841 16640 274083
1 67948 73029 191010 27458 618373 1053 0.258235186338425 3574 234366 19864 266471 27736 3072132
1 11292 247490 10272 5677527 2904285 529 0.0898170322179794 4774 25154 8466 555783 22922 750253
1 53251 1776967 159280 1406467 71198 384 0.181705176830292 4686 9703115 12900 10864 17577 1322045
1 33308 68492 113209 65947 584120 1213 0.169954553246498 6003 194919 10408 567049 58277 1311219
1 26908 3652490 1128551 205083 196352 734 0.235828682780266 14517 235811 36184 368914 41194 7401666
1 21889 56985 3135025 525963 10956 317 0.241666376590729 741 48946 2463 320165 66218 7687682
1 21242 7236281 39582 97977 48733 4042 0.453236550092697 7050 1278858 7282 54931 12675 3037902
1 942899 45656 26109 727741 448829 532 0.114946633577347 44459 127299 67748 573165 412051 3639952
1 464993 12742 137665 536842 41316 484 0.136801183223724 2189 114706 8294 104050 68514 1791043
1 270805 27950 96034 17301 135312 319 0.40718612074852 392 22616 4495 258412 72053 7607363
1 115508 349950 357508 180262 136942 669 0.103727266192436 3100 84964 18375 19306 26384 3633665
1 51770 3302603 322021 131417 19937 153 0.473311841487885 378 11580 1421 21874 15284 6456251
1 160603 3490537 2373844 53703 263832 411 0.114871308207512 1400 6109513 36488 407690 292024 3969811
1 1729217 89860 280839 270995 291494 4597 0.0622631311416626 10409 1480796 48363 1918446 567301 9519443
1 301522 376017 517579 16255 97041 358 0.0794815197587013 1122 4097542 245789 214564 368635 2463930
1 2009408 130157 2636031 100710 23733 2605 0.0757731571793556 6565 219360 70088 203442 99845 8655640
1 43373 122709 33505 1047551 144599 363 0.229209005832672 712 147535 1911 44276 20478 257817
1 13256 152542 39352 1744603 29683 407 0.203243941068649 604 3934835 4363 17565 13380 8902924
1 119404 6924538 99520 12506 117765 218 0.0679439678788185 2045 11013 4674 201100 29172 9315556
1 31730 8382528 2495414 48492 728107 281 0.0575653687119484 335 36130 1669 136091 61163 904771
1 89463 640509 269758 1619322 5725143 279 0.0545884147286415 3086 621428 12236 129677 95602 9990962
1 91481 4101893 5307599 42376 978061 6367 0.320130050182343 29734 34168 34811 20052 54462 2056817
1 16570 1064449 7612666 678148 352014 1827 0.154883325099945 13073 205593 14230 207521 34040 1109969
1 543264 417914 23805 166291 6093983 423 0.143039092421532 17319 6187095 55843 609942 158824 8612914
1 1174019 156115 4474751 2746179 1589641 299 0.127332210540771 49785 184342 102648 1041726 236716 2767386
1 792492 1740405 32865 88990 369454 3664 0.0567861087620258 16912 174861 47535 70638 74065 2375593
1 26442 32775 88121 119339 46450 226 0.281737834215164 817 29419 8002 15249 8788 3797748
1 19091 68734 1029326 701433 892732 4549 0.0717431232333183 4723 367623 20422 2641354 39131 4539189
1 445227 246642 198890 40361 103855 478 0.150280013680458 918 53019 8924 434720 457049 5660744
1 73758 178830 311819 105868 24513 456 0.22537200152874 15750 3590164 20601 51146 38407 429231
1 27774 233341 266137 97115 4785126 1152 0.435942709445953 4286 65279 9175 1999624 70117 7282924
1 159648 535952 70900 326109 50111 813 0.180842190980911 23731 3770420 81265 70565 88761 1268766
1 10137 149444 2311914 45881 26043 330 0.148825347423553 2483 23888 7507 41967 27053 7096259
1 127246 23584 2119448 8474819 14501 2278 0.117080092430115 4869 5131782 11946 7754637 34241 1350679
1 86668 2814525 23419 639816 46827 2858 0.319006592035294 21675 376304 43017 2008593 71871 3209597
1 35851 358528 174006 15609 852914 553 0.087646484375 3140 303590 47913 197368 117994 4695384
1 1308335 134269 202030 56771 36467 459 0.0703171938657761 6335 730073 120444 3304755 340538 4340520
1 112453 64983 4211805 8495322 7393728 361 0.0530068278312683 784 1133580 4258 109203 77017 7983272
1 10279 92433 4360872 182459 57904 1215 0.15119494497776 19887 276050 29973 3494159 119790 8948371
1 30452 16002 12337 7946921 66912 798 0.466801524162292 7335 33245 11874 2978870 25713 2256691
1 323500 11896 673582 2736024 2050879 353 0.0505625866353512 610 54596 11749 1199178 447325 1509154
1 15605 7506831 3503111 8726023 127162 236 0.0607393570244312 11085 6715847 14837 6503843 37419 5248155
1 44790 29236 247652 3786530 14648 760 0.0697883442044258 6664 7083811 12519 129186 26224 168631
1 123197 25860 226701 322159 491409 1603 0.0509442873299122 9996 1518890 10780 76383 88528 923792
1 60497 554662 397093 44460 995895 830 0.310162901878357 5115 281246 9525 875663 121344 5306306
1 8528598 3467337 5484305 171583 668246 516 0.178663536906242 51140 97825 65531 439617 265133 8727088
1 87957 614072 1487784 1631176 127718 186 0.282266080379486 3663 700831 5248 151004 69638 3796871
1 28157 85846 310412 51589 10538 379 0.149534821510315 515 601457 19732 2626494 182823 8423194
1 189733 9695590 433373 964533 96177 1156 0.0962251052260399 57550 3231035 91895 369140 121125 4820961
1 73266 22841 417878 310924 4260949 2975 0.0823383405804634 10130 193372 12364 126942 46895 1742272
1 61955 68658 40167 30843 130578 331 0.194763317704201 4652 363937 11838 1220394 167328 1164091
1 2161921 83200 135520 69701 11967 217 0.051579687744379 2071 13939 7358 2008845 409292 7896666
1 60791 627544 17131 2362615 173603 218 0.149045810103416 6031 3969747 53730 154610 126396 2522916
1 32092 10811 4567525 177980 2724336 174 0.474171310663223 3215 655853 3978 24614 35070 464006
1 247401 907372 348861 49982 1835334 446 0.0661427304148674 5633 2859920 17872 56650 40043 7042584
1 75544 274048 73100 2855860 1226528 4122 0.237467765808105 8440 235288 18177 1310742 159713 4974593
1 52941 179684 19274 11917 920276 1736 0.102230228483677 5875 125170 10505 1142698 70057 1620628
1 69980 3422226 613902 2056558 10377 239 0.273319840431213 1984 488689 6321 17351 11269 8406989
1 360720 134518 2517734 9564069 173630 278 0.302477836608887 5570 65144 14402 1014900 295891 1864695
1 135569 244524 45212 38354 203325 377 0.109157279133797 14445 185069 25318 203423 38146 7304163
1 15349 19998 46770 143391 4662237 2175 0.0610791444778442 2608 83993 5704 798241 40070 1004574
1 39886 1525336 48770 3678997 13526 1039 0.0545821152627468 2351 22600 4154 9414109 118791 8822619
1 86953 21910 3044275 133360 1893505 497 0.0522474274039268 1518 1296968 1988 137073 53649 2091614
1 108673 13508 2814972 145868 64609 1310 0.266686797142029 19472 3559540 25451 94384 98728 347058
1 103894 11587 243381 57954 66483 400 0.121453613042831 1750 3561291 3164 36741 33642 3516449
1 150430 12885 21145 2376552 4809510 308 0.0700193047523499 1380 2496035 9592 77337 70517 3639168
1 3242151 225540 13680 51919 125053 853 0.0660338923335075 20079 191667 32214 948238 97746 2558703
1 119173 2034359 989538 8208644 30242 28343 0.0579214431345463 30106 314800 86457 226830 110233 3549689
1 36133 825593 138855 316557 14557 395 0.389695912599564 9325 174735 51035 829588 86422 7958342
1 382781 43522 1163875 2065791 51637 163 0.17915216088295 570 15497 793 269502 116313 7646866
1 2054108 2930414 7752463 10261 195838 744 0.354957908391953 1424 212145 23205 859029 564388 6123452
1 73949 3259384 3963718 120703 2310359 410 0.108565203845501 1263 132465 4918 435179 75250 2611055
1 103274 138302 12890 8504797 35264 1051 0.106170929968357 3863 328903 9511 6426921 350723 4317096
1 35814 35772 11641 5750685 70399 475 0.121721155941486 668 1561498 7049 129861 24140 1211094
1 11933 2662711 10039 306325 199705 267 0.232170045375824 2214 10766 2863 34348 14688 2397192
1 600962 9362301 8487791 93564 1865712 1797 0.0907599478960037 44543 660675 129292 1510855 645408 8583594
1 97923 195123 50684 185938 159345 959 0.111009605228901 4174 25393 11950 26380 35319 932397
1 56090 69599 4466165 35474 18173 329 0.0943252667784691 1158 795573 9818 774404 43629 8986860
1 1190243 5156116 503225 18339 166705 173 0.213446840643883 4790 128723 17668 732169 243136 1976715
1 86916 68508 133185 261625 654464 2135 0.0665328726172447 5470 4471095 12939 160280 146478 2047313
1 1931780 2078232 2665588 221041 97129 615 0.139906823635101 48876 2709526 138125 2449417 380945 5261980
1 15598 92238 128995 6285535 31548 246 0.445644468069077 981 50761 5314 590774 24083 686603
1 40716 34801 10501 659670 306810 222 0.0674942880868912 223 10826 1805 474858 38809 1865297
1 444150 35768 9327814 931165 15807 1262 0.177745446562767 4528 730892 36895 3117631 97707 4577740
1 19401 117874 1022243 105115 13091 500 0.0949529558420181 2860 61582 6612 52045 8478 2961047
1 240064 786555 15899 12040 211585 266 0.126368507742882 2441 5202419 10260 338436 89751 9855871
1 280284 9811823 7132114 5819393 276293 6584 0.12095458060503 12062 364908 31223 1507583 411846 2539086
1 5146475 221645 8809461 3191354 120994 74451 0.401879191398621 81364 89252 113223 1992001 693335 4529979
1 271530 154811 41369 475729 1480521 914 0.213541269302368 1170 1000765 12354 95112 56265 6488172
1 164772 19192 248506 800242 5638637 1386 0.215943455696106 2845 39749 13018 7069635 333406 2281766
1 23129 7683968 226883 6114205 53103 169 0.297007203102112 2159 29946 5375 43143 17433 229811
1 574958 896415 24109 32106 3834400 4652 0.168574139475822 10110 26606 19646 1457029 118027 8197048
1 13250 147450 452927 1508317 167895 336 0.0611579082906246 8172 6561670 34825 432192 78991 2812057
1 25757 33453 12861 1175502 760020 1243 0.102629154920578 2896 2575174 4378 64200 13798 1449729
1 299940 205147 24160 4132330 1506652 420 0.0972694978117943 448 28645 2059 751051 282293 4957072
1 29944 12158 675764 160196 33243 569 0.0827484950423241 2046 1511015 4814 385658 114327 6220146
1 219173 23437 891820 2517050 71364 176 0.264310032129288 1984 1485655 3512 555614 386132 9895919
1 74159 981101 38960 1667244 480220 526 0.445005536079407 750 24567 1428 39780 22210 6628413
1 286079 139881 34408 84679 14762 996 0.0953424349427223 6635 322360 29129 146164 42330 6067931
1 57340 788937 26543 9430902 29447 826 0.166597843170166 1132 1291011 53878 199314 93889 760142
1 41762 84403 111718 6762479 1518669 208 0.0918169021606445 4060 43123 6550 57468 18128 9523762
1 53395 7510984 481089 457378 64630 281 0.216107726097107 1052 35320 1660 128927 62388 6442330
1 89179 3194048 2631135 30803 179151 1480 0.346468538045883 1529 4839660 3427 122619 37648 1978454
1 3089094 208976 55691 42951 36817 250 0.174642965197563 7678 128469 10947 168746 45156 4591843
1 111729 349689 3558181 49439 84959 152 0.066064864397049 4307 7785333 46669 4442381 522645 8344509
1 283939 8819748 16594 17634 3805224 198 0.131608054041862 489 26984 4127 4376594 418282 7960868
1 50123 851596 2350698 723326 42242 203 0.2259761095047 702 271985 16204 15039 20456 1288472
1 370091 4634767 736388 7332267 471146 591 0.140910312533379 1343 159161 4807 639205 327388 4315113
1 95371 41218 268656 2686769 1229200 3935 0.119478896260262 10389 1458112 43991 433126 159866 2937447
1 76606 140814 5447238 147164 20311 533 0.154120206832886 5178 6263560 115757 1066548 409527 2038477
1 47884 23753 80061 16654 189444 212 0.0865993648767471 223 63825 3363 34537 39334 5937582
1 313005 306030 10769 124630 229460 441 0.229339927434921 9411 3565958 170697 1013822 350188 1757108
1 58593 7709529 12183 1085199 59261 231 0.153362289071083 3015 3101855 67581 153723 124925 1352587
1 3687682 250482 416834 68410 81349 2160 0.154492199420929 5608 891387 73853 347014 137626 8215958
1 22653 9193988 3361543 570520 3652941 1098 0.13919298350811 14017 59614 16588 105244 57277 8215354
1 218293 7413075 4180896 30637 21225 2858 0.194297447800636 3954 3575697 7140 321852 173073 678280
1 361469 63835 9698485 39724 5964684 265 0.291923344135284 2353 283654 43180 191051 233515 1941674
1 29626 19447 286131 2697152 241668 563 0.190983399748802 1290 493512 5668 367043 74490 561016
1 1042398 2596435 247545 1126489 865098 5577 0.12816695868969 160339 4071502 300199 2048926 409835 4573730
1 55337 8476332 41009 10522 182415 1395 0.0600794181227684 5287 3019401 14521 97087 37874 2514416
1 106294 170382 189129 91173 36081 1281 0.0740706026554108 3127 116654 49837 166400 61700 1091332
1 10857 50671 226950 139457 8312623 1781 0.320470124483109 2706 60462 12318 1204476 39132 6043925
1 35555 68850 53288 23945 445118 6694 0.216497808694839 9761 83733 16166 1582422 164348 2291693
1 11196 585509 3044818 35523 4621182 713 0.0880613252520561 2988 3742004 5027 231984 34614 7895634
1 53811 2810093 17838 978508 19771 2386 0.0638003051280975 2508 1436180 32170 4590244 100220 4307662
1 1903878 589604 46686 3511132 5774320 2343 0.145754218101501 100571 7417867 491966 813199 594996 6274624
1 212743 342839 1100822 2535657 29646 644 0.266063094139099 1057 823952 210919 204755 339668 8781143
1 63011 54449 5192558 2347126 573338 203 0.0842627212405205 339 44607 3517 1589191 128644 1175605
1 15820 39005 3447923 143141 4474251 1231 0.0545404031872749 1594 767166 18695 40430 40164 7455435
1 155192 10474 30197 1171841 31200 3913 0.208850607275963 5256 77583 6339 177058 24229 2193387
1 4705885 127250 1100362 17358 23111 384 0.0686268284916878 2880 1510139 68247 1994225 424028 4485570
1 1815129 29082 392764 2329499 1051858 196 0.221161246299744 3810 52541 5002 877338 648250 3915249
1 33957 300476 49305 781464 159847 20185 0.353240519762039 22146 39152 34163 389139 38131 9960707
1 40191 28290 2167521 48804 4944128 525 0.366420030593872 3153 175698 3889 194380 63020 536579
1 87370 203427 338610 195499 957904 330 0.0834690555930138 9614 92522 38675 536274 58264 1662119
1 122188 61620 2085266 67753 25987 362 0.085592158138752 3681 297608 38232 5769404 129090 620233
1 36417 136505 586049 39789 19369 196 0.455576688051224 354 61535 11423 7426691 58513 4713724
1 55687 356325 35774 36875 3678157 258 0.0875164940953255 7177 45859 13865 105288 34919 379606
1 27460 4694204 400371 2142835 208498 1463 0.195387229323387 2966 159944 3963 10645 15246 626760
1 321902 3638427 10863 111292 24310 201 0.259440720081329 2285 91858 3818 102718 57585 1025106
1 319257 11381 158781 11183 2241190 385 0.0718324333429337 2406 740136 14967 769973 129774 9653331
1 15307 2079810 5985345 1779684 16690 192 0.320562064647675 282 621364 375 21758 11958 1915532
1 35135 91469 105599 31410 430873 4344 0.157732680439949 6296 542606 6652 4995423 38019 1293752
1 496984 3590698 2304613 4847025 190041 4644 0.371391654014587 5165 117348 5365 359404 259411 8941252
1 543527 133440 165510 3679638 422392 1386 0.376133441925049 18035 34254 19359 141629 125802 2439839
1 304459 142087 439680 18052 42761 509 0.0854342877864838 2083 6483244 80836 336326 380561 4146546
1 28013 84577 451860 8799384 439123 919 0.286008298397064 1380 6537200 5101 11959 16915 837057
1 261694 25198 236787 92139 229024 285 0.0917738899588585 7311 35681 22457 725473 109309 2750576
1 209116 1108178 1016714 1209730 1403448 1093 0.250776529312134 1384 105393 10958 1530247 265272 5588354
1 2184256 60742 13825 1765751 10743 2975 0.317563205957413 3701 2003304 10249 41269 31505 7565456
1 129682 44458 5669464 636965 28680 10203 0.462581217288971 12554 1437120 25641 56857 79103 516076
1 16614 12689 1023814 4830375 30933 335 0.407000213861465 878 15927 2583 337875 9858 2613514
1 53096 1088419 994763 19331 29918 345 0.170973494648933 10500 2396039 34427 8085018 107175 3117972
1 294806 599114 165804 16945 1005801 373 0.401161789894104 745 693744 142235 441100 326825 1323895
1 251915 904954 61680 3490649 79436 321 0.0767528563737869 4228 1511168 30085 1685654 270303 3993130
1 347318 82142 674948 2058074 138202 4745 0.210050463676453 65874 9005587 102331 1312903 111759 5520714
1 318479 3528349 817733 18025 3290307 209 0.141589641571045 412 1551031 1476 1957696 598233 7034724
1 209091 1448826 1353916 39119 23062 7298 0.0970008373260498 12869 292254 66608 866150 136061 1252463
1 938792 62412 1289222 3116430 39860 532 0.129330769181252 19060 5108175 20394 251738 111473 716020
1 30669 168044 682881 4984291 137617 229 0.240616917610168 668 1205961 36853 730932 57540 1429327
1 385604 237269 836223 46441 302877 1055 0.0817638635635376 2724 1950467 134190 240584 350578 1620106
1 414885 2466241 409354 1914561 17185 454 0.435583710670471 962 70907 6267 420614 88687 8755484
1 25424 176987 28905 337435 108562 1074 0.304099291563034 1088 93656 3527 17709 22664 8724715
1 35461 72101 1430459 30474 1115308 173 0.421390980482101 1087 339445 22445 7783108 80861 6523827
1 799443 1757367 135029 14144 1483915 436 0.0699433982372284 610 524225 5033 936190 643157 5167054
1 2119850 25049 255887 55612 8722417 961 0.157552912831306 5344 1120198 25468 694189 235478 2481298
1 41716 1068701 504939 491053 280254 2225 0.122705586254597 29661 2865871 32039 5973936 137577 2328433
1 149526 8390775 12356 3295851 138649 229 0.0823133289813995 7197 1536034 94934 97882 146103 1606035
1 29399 1727285 8665766 267428 124324 645 0.223245069384575 24201 352267 40092 4341703 103929 1200989
1 11985 57361 54107 2101155 2504448 3308 0.10091619938612 15376 751854 17704 261081 25922 1003533
1 1243545 10972 4536467 59083 87279 425 0.0570414997637272 2726 92772 3280 807100 454757 1733240
1 107139 7936963 51101 4109651 2162286 382 0.0582040064036846 973 777091 1556 478111 120467 4238520
1 151375 482177 17083 309870 2880420 296 0.0681154131889343 422 54455 18154 89906 57733 2369211
1 3466442 224910 25548 212422 144764 259 0.072524182498455 25680 1676359 111310 143277 157306 1991675
1 45473 9185708 2241916 574106 13655 177 0.0566070750355721 682 132109 13161 38906 40621 3487825
1 718961 161491 16970 393686 140942 1512 0.0760759338736534 46627 254742 52162 52510 104016 2752551
1 25807 1242825 2559477 369141 629463 377 0.102310180664062 673 162580 2518 87392 30794 546520
1 130812 506939 1880820 1139059 38485 1872 0.0563322231173515 4602 410924 30144 297330 184780 9979308
1 63621 1417358 8147938 36051 82953 377 0.104313127696514 12015 22870 12280 1652322 77576 3264197
1 12635 9943253 545546 3285340 48605 1541 0.0765456929802895 14631 260786 30221 1528177 107212 8295128
1 58995 8984187 1221166 406914 343669 389 0.220878422260284 4828 4609357 27402 489090 72756 6119651
1 11627 1094317 17178 5262719 1645912 2650 0.0844733268022537 195911 308282 292743 1858364 609177 8060962
1 255741 2213258 21948 623155 11324 7525 0.263260692358017 9009 39400 26732 266915 86883 2335498
1 42006 23666 73583 61467 16749 397 0.357846826314926 477 152728 10835 113779 36563 436130
1 67686 42061 89295 16116 139004 362 0.132454797625542 10820 10126 16891 49368 50111 156716
1 846967 39897 27842 50518 2511595 823 0.289301455020905 6271 129866 22918 1032524 97673 9484944
1 14575 50234 6626961 90257 45958 2662 0.105611324310303 2952 462441 4279 169155 10112 569045
1 13589 21423 5648633 2139048 26603 293 0.078464113175869 341 620761 3150 90038 26560 244928
1 21386 271841 732750 91847 18973 243 0.257700890302658 419 204908 10695 185496 50599 1005002
1 165091 62318 2270276 35627 42383 172 0.417130708694458 7321 1457701 12827 306072 48903 3208983
1 1794246 19091 7270543 14569 1720523 336 0.0709089711308479 1804 287567 3913 32234 15426 4992228
1 17734 28402 484996 4854464 845061 270 0.0530183799564838 2132 227726 8564 1799980 37818 5482524
1 252580 4935219 15719 1340346 279956 2809 0.244643539190292 8014 233253 16383 66692 91316 5307600
1 2680282 108168 65748 110862 363767 10031 0.128464207053185 25169 66702 72108 3077892 344401 3747175
1 268330 185836 199608 5642145 15701 833 0.198778957128525 2748 116741 29008 2244919 81672 1182202
1 64057 1218012 130783 1029836 186577 495 0.148972719907761 843 24198 2705 355742 144920 1038383
1 53604 134851 5064813 78757 121940 400 0.107387408614159 472 14910 2226 161787 27685 402486
1 51281 3377683 1523778 23104 169265 1259 0.365272849798203 3910 330618 14190 144219 24018 7173678
1 96982 21136 104298 21899 7946401 171 0.0990004613995552 2190 448357 3597 981103 406161 6172406
1 110213 80319 2540885 944151 5376150 1391 0.214725285768509 1559 56188 6289 72341 51751 1014158
1 92116 69500 227653 28251 17965 218 0.306623786687851 1633 36083 9917 6417553 26710 6031418
1 776241 1117455 2425591 797832 658826 310 0.445783972740173 704 270535 1065 1011859 432741 6227485
1 960651 322931 202221 20385 1854767 3560 0.106808729469776 3976 1736028 199646 572322 352111 3494760
1 67787 26083 5989794 26300 2585872 791 0.221239939332008 1607 119482 16496 4643050 42407 3135316
1 20737 14120 504261 204897 984085 2455 0.0511732064187527 4681 11970 5609 122929 48905 339493
1 53572 238585 123367 1284163 6311379 194 0.0797819346189499 50135 290740 119511 111704 160750 5938103
1 125526 1217278 233578 64384 1035611 161 0.344666510820389 227 284483 7297 71791 81149 1479898
1 135266 120831 1123611 301661 1812274 247 0.204346776008606 79363 13840 86270 1697950 115029 3722903
1 189069 42144 1123674 6021154 356765 2024 0.0775325447320938 2445 115026 6471 105615 115437 1420612
1 863143 21966 127428 5143011 31681 883 0.190399751067162 1390 3052364 15615 814473 292340 3388692
1 97594 706437 293610 416112 9282365 1898 0.227725148200989 2124 538595 2749 341092 210406 1990413
1 377769 2424281 2080485 16595 9545015 2585 0.0941540375351906 4637 1947729 287252 3686813 667955 4595047
1 15311 68950 6793906 7271071 25387 223 0.0647829473018646 1366 54767 10309 1623337 113975 2292365
1 64484 19118 63556 8753072 2350880 753 0.412587314844131 911 2051363 1229 25167 15745 273656
1 61715 1379347 667811 656961 77367 175 0.394364982843399 10798 9878850 29260 737523 292129 4161709
1 35053 505960 40135 8916951 8738397 358 0.0664634928107262 559 136751 35402 11010 47841 5250670
1 816708 259427 53098 22558 863178 1176 0.147784724831581 3013 304550 9887 268972 277790 2434592
1 241726 181589 28652 269156 2735856 220 0.115105412900448 2876 3196155 16732 1255343 519075 1686928
1 32477 578157 255844 5825112 514746 1199 0.47145864367485 2167 1804350 3654 27767 22711 3896185
1 13323 6602233 3507918 143799 19432 392 0.146419629454613 1937 26190 2100 1112996 54004 4534530
1 34002 4254986 35831 55138 11544 160 0.165671244263649 741 54948 2273 219186 21804 8011026
1 29365 3365025 2666729 28877 30967 395 0.334126949310303 4215 3889977 30674 2468698 293570 9147868
1 156709 51794 35348 1036376 7308443 617 0.189906686544418 1090 17312 4387 72392 19509 7956965
1 29877 930672 1747253 6949488 6197127 1745 0.103144712746143 4278 6850754 8245 62112 29191 1325752
1 855928 3710591 479710 3540810 925160 16103 0.154973164200783 26930 7570561 198280 1426422 452157 6981250
1 893871 122677 34842 948900 2219786 3017 0.139206618070602 5306 139972 67724 131980 190987 5398859
1 42683 315458 17654 481544 1607634 264 0.0609169602394104 7618 144335 14336 4329809 55013 3185668
1 206794 1567177 92276 70120 847689 336 0.0855512171983719 1135 44900 5101 58629 45502 1548383
1 746487 202187 129718 374313 1685656 4741 0.231351956725121 9091 460763 13190 377530 178728 4891384
1 274868 8428447 892487 1010565 6517183 1126 0.0517748147249222 7872 936991 20979 1034794 296458 3751862
1 126859 6689459 2782112 7985706 74409 354 0.1990837007761 660 701426 1063 245395 101903 3504098
1 47434 2457202 321987 44721 10353 982 0.0831313282251358 3215 197230 24640 13204 38875 335614
1 59963 21013 4142617 801432 133842 178 0.134182274341583 197 16173 886 26327 13552 1120134
1 14959 99964 95353 2505415 61386 844 0.0728311613202095 2222 8653105 15844 189337 84277 840897
1 563327 127127 285279 66214 460731 432 0.200510486960411 735 1748015 75441 2169902 644446 4871954
1 42226 2992171 1163841 792169 772386 3240 0.22455058991909 8205 2934081 41899 235839 70455 4680138
1 13798 40700 44844 78631 195584 2763 0.0534047372639179 3257 156662 3839 115856 17704 6961854
1 104637 41645 2119486 40790 7488505 403 0.182839900255203 2828 421121 3599 32229 29842 1318113
1 36348 73068 126713 183728 1345215 569 0.222343683242798 11992 1147163 19741 739872 141290 6776526
1 216561 143705 485591 154935 162140 9840 0.137613087892532 10847 1377149 28167 578198 239160 507344
1 16293 3619030 170465 160628 22788 4456 0.319715440273285 5248 419248 45479 94790 104129 960924
1 35473 3363883 3708457 33128 182024 152 0.22196327149868 2560 33889 3351 4069752 34728 1619863
1 1031628 754168 124612 273215 19567 2887 0.0597933158278465 8174 4473653 35503 186888 159730 2132805
1 188153 49441 13355 386939 133072 1064 0.0664701014757156 62667 232342 67878 459385 135318 2258938
1 276034 337455 1965937 2737021 65606 18270 0.113355360925198 49662 245686 88160 2569836 460436 859787
1 80038 54629 866284 38677 38591 408 0.340309351682663 969 325321 2770 2113978 177654 1567905
1 31267 7480741 4153734 36285 522496 869 0.115596920251846 1641 38372 9921 371031 127191 5628386
1 1738047 2006683 35873 11048 18834 797 0.254376292228699 7890 1294066 8813 30367 19018 940805
1 593732 18772 108978 469939 1986084 154 0.139797642827034 350 42697 8278 2111933 729588 4059302
1 33025 21248 1151914 63675 3644275 835 0.242592543363571 2373 1389185 3283 78921 20536 417930
1 90767 15921 35270 185205 53996 546 0.0802484527230263 3212 2551334 4488 5623717 75251 2753198
1 424477 47175 7884703 1886300 2307467 894 0.260381698608398 9353 6981765 23458 381972 114238 688294
1 433873 4691417 7215273 22205 921362 218 0.149918660521507 13724 9179090 647146 293171 733250 8493550
1 60434 723490 23092 1007278 11132 1509 0.0659605413675308 2188 7703064 116871 715640 278413 1643268
1 33251 25812 10638 28667 4167256 487 0.0781364440917969 568 556570 4420 2929579 67815 7191325
1 60225 462311 4199098 12209 1141912 804 0.185025408864021 3959 279164 36148 25775 79296 8140833
1 5240041 182771 22178 202290 321271 4702 0.10468503087759 25120 226772 44848 1757664 171426 5845206
1 55601 537453 112834 6821551 70714 297 0.0619422122836113 5666 4056152 57423 537899 145617 944481
1 28571 3166991 21622 268663 3215487 600 0.220033213496208 3781 605417 3799 12041 8508 1640992
1 1148888 15682 203263 27218 30897 162 0.117643393576145 3377 10726 4029 92163 13469 1626888
1 116158 3279139 22559 2711330 658370 2665 0.0537710227072239 5334 41311 11238 386911 73377 3491859
1 669115 2487238 48662 16002 390109 2077 0.084347702562809 9477 312297 9956 162661 63340 2942284
1 266816 8456073 58018 12267 45475 221 0.0970963016152382 412 65689 5422 1750853 223833 2075698
1 40587 3313318 35754 48409 10223 431 0.286453306674957 1531 1093917 6517 1402501 80553 6340137
1 17018 11178 232718 50911 1291603 1267 0.187313377857208 1314 891207 1596 96132 29107 176323
1 25142 121900 165751 18448 30248 1112 0.181317895650864 1262 358854 72329 5632681 125960 1711639
1 1611410 289222 359819 14087 23555 3503 0.194508627057076 10558 2174338 21624 398103 212503 1603790
1 1035162 835418 405276 2243790 11147 222 0.0626599192619324 742 87487 11369 1201273 260372 5578819
1 37476 103154 729070 445038 26634 315 0.18713141977787 636 47020 10340 4913683 63980 4514656
1 10603 165459 26739 1711154 3060599 503 0.346876740455627 1863 607251 36949 114944 53636 3472900
1 97934 44590 36722 1948311 104383 160 0.133221581578255 3575 1764859 7544 10125 11680 2905067
1 166421 136578 5265475 588031 19206 166 0.0866795405745506 1573 677432 44858 3302241 50790 8232854
1 69667 2424128 7679196 16056 3781673 290 0.0929534286260605 359 73708 4627 61065 25436 7199728
1 47822 108176 109086 7353321 7971858 537 0.185620456933975 17625 15065 23975 35681 29067 464719
1 335162 13304 485630 583770 10687 641 0.150762423872948 1054 123533 1517 89937 81684 7617346
1 21369 12833 1901050 6329879 17646 208 0.0658023208379745 6436 43691 8687 5017244 45897 271852
1 62217 251871 1302746 3637734 81679 386 0.35969951748848 1076 50859 2428 67088 17072 6889587
1 290466 131324 457258 8561155 479144 1061 0.34905219078064 7001 28803 8938 71999 47917 3485128
1 432031 8578119 1369971 185814 207278 262 0.0661263465881348 2166 6516216 56021 240448 131143 3017977
1 186176 194744 7186406 861411 378399 99751 0.274856925010681 132214 263635 177961 932197 553199 3565668
1 49749 592253 2402549 1580616 1405619 157 0.111187994480133 2995 4566464 7320 83922 33039 814921
1 104752 163349 2768519 74258 135312 258 0.485473573207855 1878 2228989 6477 1566770 275146 9170980
