scenario N1 N2 N3 N4 N5 ta raa t1 N6 t2 N7 t3 Nanc
1 102394 355757 5982314 10125 9128001 5669182 65051 3005268 0 182 1197 76541 105112
1 12293 36312 208930 221227 1181552 3383503 10268 3324149 0 1177 3146 3525 8605
1 39770 98371 3598330 48867 22287 939843 11877 3485756 0 298 512 13913 20361
1 144230 40281 284600 2050669 124848 1230408 352140 2714295 0 2421 2552 9360 158779
1 61525 1861389 1035933 402761 45815 41011 183810 6230894 0 1203 2201 5717 49750
1 87893 104134 207220 249813 132302 2355288 416611 3338434 0 1932 4759 8476 124364
1 265019 55167 1093136 140552 313396 51733 274651 8115697 0 816 1627 3100 150663
1 75121 25066 2770258 18395 9876366 678084 117426 1382534 0 338 1764 7918 40985
1 28258 20752 6565766 387817 3188238 43673 85548 1810142 0 185 192 3809 33648
1 83005 45146 2671582 7100099 55269 84179 358457 9227210 0 538 2599 8907 67045
1 80007 387121 226235 88099 48613 2895254 12042 9931400 0 801 1898 26591 33939
1 564004 40830 134969 541158 368619 1742908 460662 7801000 0 1605 5318 5423 175052
1 37650 70507 14148 4943727 4421813 248153 19331 993817 0 2165 9687 16000 29908
1 30064 2749183 14836 20280 1038123 13723 76797 4895604 0 1498 3732 6167 22264
1 177367 275771 2335743 271316 999378 1426767 204991 6499863 0 3136 8464 21993 90752
1 397901 1561044 79014 173255 7938385 4135552 601238 6742465 0 2176 10966 11797 239897
1 36139 33776 38306 394576 4692820 2279477 67863 2550146 0 244 1474 6746 19563
1 112859 4546840 7439811 480294 10413 863401 101422 3272970 0 219 715 6748 70366
1 32719 787763 96733 716427 2661282 18090 31071 1045638 0 2425 15197 18908 27257
1 393449 793884 14061 132070 111680 2303294 1267409 6667467 0 218 444 84724 480430
1 59858 1322756 1402180 87325 2152698 540135 45306 6229446 0 590 1023 14331 38784
1 254078 51476 10321 1389581 2045457 1387007 881669 9524357 0 181 236 16045 176442
1 40397 14607 536502 10600 43609 338214 143027 733717 0 1194 1896 2538 43398
1 91591 21495 62819 30386 960392 153484 38559 922598 0 2007 4619 6093 26439
1 24523 343643 47828 3726984 613091 26669 31475 8238316 0 735 2081 3642 20704
1 131547 12163 35799 419276 1516049 36654 101535 6498361 0 236 243 3694 55409
1 144051 3548447 28947 8677525 63780 143528 147358 2119109 0 1191 9614 17383 70345
1 53411 12252 34408 418999 441816 16850 339214 4973529 0 363 722 1368 47423
1 186090 24073 117060 926432 4033132 2038693 225084 4122574 0 179 430 1292 66825
1 243610 3552243 5605446 21419 3241564 60618 191388 8779637 0 152 2292 6411 72479
1 53730 389399 23174 1497036 4096939 1749909 28188 3191017 0 351 363 53752 64197
1 96184 40817 1420841 784865 2446463 2162034 50323 7012533 0 378 8087 17664 44030
1 75643 56107 2047715 832027 176366 129883 72760 5604867 0 614 2633 3621 49836
1 96670 579086 89628 37698 9766331 56693 279206 5075342 0 259 1118 5866 98776
1 160790 4608762 240753 806666 2932426 1155363 45203 6187861 0 3379 23718 61639 86487
1 80446 338980 1102487 51224 25841 1642037 39006 2598523 0 552 741 19344 41445
1 41182 3161250 259155 1167300 596641 51468 65474 2837724 0 280 7556 10485 36519
1 473776 129152 260123 126569 1960540 3518201 339210 2758970 0 2468 5868 27639 140750
1 49632 55572 2955630 14058 5626861 3994308 486566 4547178 0 519 675 14666 89193
1 179033 1481390 3101124 8050763 9825971 1392874 248917 8194494 0 230 277 478 82948
1 232219 58716 5575449 56902 319933 284393 1357940 9482000 0 1636 9183 9771 356315
1 1043994 997952 22262 5779608 184515 7974872 1225956 8022718 0 1171 7707 242789 643476
1 200595 387133 854057 474915 13092 3143610 567299 2237259 0 315 1363 48204 213083
1 52547 103767 19036 175886 146489 46910 117798 2190989 0 2945 3346 5842 68040
1 23219 650057 707038 898511 27329 7924322 21045 2204554 0 287 781 5486 12411
1 86393 497291 547412 2634638 6067177 85149 96441 4581820 0 645 649 2003 39936
1 48060 10726 25643 35938 9207723 15673 34714 6324219 0 1534 2730 4030 29277
1 33841 1358623 600057 610346 994239 914010 38283 8818449 0 194 205 2108 24253
1 94402 80544 2261891 87313 1537477 284831 92865 5353366 0 197 2345 4199 27528
1 133168 570424 163026 222721 90914 5044786 88845 4483473 0 1367 4195 24117 46074
1 53536 1068059 2765014 650864 111349 769378 16333 8126031 0 3492 10364 15408 18753
1 187531 491160 64710 4949116 303712 604001 216763 9062338 0 354 8848 77635 172713
1 70368 741078 321310 391916 840225 136133 91633 9042790 0 667 3142 4030 34364
1 302630 465153 480409 1463766 7937189 97017 201412 8361279 0 153 10492 17340 93802
1 15634 44419 8139813 45704 424413 341107 24066 1081731 0 281 1533 2451 20141
1 114334 400964 891795 14817 25307 2410735 39622 1637689 0 1893 3001 91457 102535
1 154675 19365 344241 4281566 7375535 22438 2601129 8582716 0 375 2570 2622 244417
1 11441 3443657 1098970 5149460 709448 897830 20534 8963889 0 581 2833 3616 13724
1 53548 132528 1723068 231427 2072169 6878913 132112 6647614 0 200 1093 6818 67810
1 1279431 227530 118724 781899 235884 808181 1691034 3948707 0 9373 11267 17197 593165
1 299797 116637 236251 58981 3977533 5248154 1763343 2975638 0 4821 6932 9990 440821
1 59456 611601 31499 25430 1187376 29075 169497 703984 0 216 637 3360 61968
1 706059 33183 84878 1370954 131434 664596 1240675 2804277 0 1699 3142 9182 295079
1 101821 1114341 7627144 1212747 291445 10160 226459 1294641 0 379 507 1428 82596
1 28694 21048 302652 1944189 84112 22953 149393 1676175 0 1039 4790 6326 46880
1 130227 8377645 1244136 392027 70484 472579 155512 1750578 0 322 774 4453 86911
1 352613 52404 3171780 14330 70223 3549552 370914 3075095 0 159 165 2134 175486
1 41113 225296 1832269 3530311 3770613 1316800 25020 4117702 0 436 1788 42461 58812
1 158011 2020916 10562 48820 307666 1531539 120657 1474337 0 1911 4856 6204 50762
1 156966 7791167 183214 23670 7420047 265631 177879 2425710 0 1301 4188 41123 84393
1 34051 168413 26207 22383 21870 16817 65246 1158975 0 173 741 3450 14118
1 71671 264846 59864 13180 43370 1226751 607350 6201678 0 758 830 7609 55766
1 94633 15819 18202 415342 13177 8877284 1203060 7583800 0 518 955 1543 78238
1 15747 68301 11468 7830029 40067 955470 56668 398110 0 615 1739 8751 24734
1 62304 29914 3403055 1034003 53523 60728 4341394 5446084 0 197 498 3371 64389
1 259695 153989 58868 125521 7463333 106079 711278 2292838 0 381 2652 19240 258357
1 46141 742362 495561 461309 60694 460407 563885 5616950 0 525 3708 5364 72956
1 816596 3675271 121557 982156 472389 165126 906123 9537188 0 714 1124 6044 587941
1 30757 43187 5802269 980802 4348987 45464 43867 9013408 0 250 1577 2965 27788
1 20502 41491 32943 283452 606723 15374 13989 5510870 0 337 487 4494 14174
1 51084 436313 2899867 105105 6903740 444300 147251 2897039 0 179 2210 12818 68216
1 87136 84739 1275249 4324796 574473 1901874 454039 2221384 0 162 776 8062 80466
1 11104 1794487 313053 7498572 32839 8107263 75432 532800 0 329 1184 1772 14754
1 84893 5011895 4653204 1085361 1993726 21230 950552 6882051 0 950 3117 6160 92124
1 36083 123914 2571948 530123 2384761 198460 568369 6125096 0 1038 3464 4471 45162
1 40372 1257942 1679065 38951 6024322 8020479 83223 1534746 0 324 1027 4382 19344
1 15729 172889 36351 11810 11261 1926248 130371 3979288 0 692 1490 1757 25132
1 51890 224101 7073420 3992657 64014 4545400 99074 3063758 0 399 11054 14982 27710
1 106129 35440 53651 1348966 1270876 30617 439041 2340288 0 383 890 1143 79542
1 102999 12912 2930976 171883 14187 219088 295189 5920406 0 311 1625 2138 37948
1 41040 731206 788680 157739 93464 320787 153635 8942024 0 1794 5849 44766 84141
1 14104 31096 756682 466602 79402 4497059 177098 274591 0 769 3084 6163 23218
1 91678 16559 4017558 338482 17230 78106 177698 4724621 0 2229 4949 6923 91032
1 22761 63407 20439 505308 42970 253305 46721 2036265 0 226 768 3431 10306
1 49434 78267 312227 28849 47562 4408201 54671 1246045 0 714 895 2845 14923
1 26939 311819 44375 17207 434134 23720 29004 4196060 0 538 1790 4036 8749
1 11783 3757923 11356 101535 147908 13000 16508 1019207 0 681 1076 4707 7592
1 393844 1902062 71166 967878 6209341 2072914 223530 4446447 0 633 34245 225271 318177
1 22826 320679 2731921 29762 860786 1797577 357186 2194458 0 373 2654 4359 29723
1 251046 667756 1640832 403801 305261 3395262 76062 9716453 0 190 5963 116699 179943
1 40452 194621 1546320 118939 2682577 6958776 508014 1841950 0 1440 1598 9463 40072
1 58839 1132791 526282 1490130 56295 55256 140103 3123144 0 262 11987 18547 70318
1 334529 40997 61404 8946399 137763 105866 130554 3785638 0 1018 1193 3328 56290
1 93546 11542 1518602 1069497 2265056 4410208 4982680 7538844 0 161 163 2425 83740
1 13710 1687628 2263352 76418 124836 7319962 18781 5083511 0 263 531 1531 6047
1 306639 390783 51638 65039 1003335 8259406 4198890 6478483 0 392 6324 149971 381523
1 75706 96731 11456 95708 1320062 70234 93412 9102478 0 1942 4557 20677 28923
1 29107 216893 5028321 3322520 4262038 525747 80741 7404396 0 236 1240 10614 18048
1 82932 31884 6497952 529513 2134809 5321880 314191 1142642 0 667 1412 1886 48333
1 13116 16471 90439 21998 1486380 46396 54714 5786569 0 221 911 6105 9419
1 137583 3046947 780376 286948 4650894 29673 74856 1533251 0 1037 16362 16890 70710
1 34416 3775689 5852727 4024805 20038 21438 116032 4427428 0 238 589 2852 46586
1 23165 83394 4339744 738754 936245 7933379 16705 486128 0 1008 4696 7856 20967
1 296363 37100 377686 377135 457073 5056843 923330 5174488 0 435 1139 2304 341745
1 275208 3382943 174856 6232819 912966 861279 139425 2596747 0 226 1518 47528 110431
1 39866 1305733 12727 49337 1300244 50540 104216 3279027 0 449 1786 4031 16828
1 32677 141834 529561 1713637 97520 172823 81217 4802409 0 182 927 3599 45246
1 100030 4848823 254178 139788 1820626 111545 396088 3941728 0 260 6534 10283 63729
1 2488313 112598 2565020 14512 8242996 7597889 1517113 6013108 0 389 709 22530 673627
1 481992 2847294 48672 85462 4839821 33389 1061505 3519901 0 205 4641 9256 310539
1 56887 29896 32592 7673348 415815 109078 519688 3565813 0 1336 2864 4073 64044
1 46322 879190 50829 37547 538765 1864462 670648 8197342 0 361 1240 6031 55931
1 11409 8088709 103149 14360 136959 40205 37620 5185415 0 631 755 3726 9203
1 230178 64148 30523 322563 7925106 26919 1489395 5885020 0 3364 11560 12374 371312
1 30107 443319 5537484 1558795 253223 4167902 81668 1648365 0 1270 2036 20447 26727
1 207964 82788 72768 509858 57838 3878999 320048 2182393 0 229 1760 12236 70424
1 49183 3827899 2620657 1086906 1773992 819197 53447 2208283 0 1077 2695 7401 34251
1 543159 33867 12546 95356 2852029 43750 3934018 4886525 0 241 9830 10109 443614
1 69209 4981341 370063 18562 17662 1923626 25309 3869521 0 161 1168 13759 29306
1 133193 50423 34764 13976 5235902 49090 332937 681982 0 212 224 6003 62441
1 127792 1528012 14779 101540 9187533 1213674 366111 5988478 0 306 5180 7167 174019
1 211213 170557 219341 41319 10811 6504827 364066 1326027 0 449 973 14970 198952
1 10100 38084 445217 818547 192331 477202 82965 2992022 0 166 1211 1721 17670
1 50501 89154 12521 169280 3634062 1165521 65481 1974900 0 1174 1213 21987 27363
1 27935 9324068 20197 10997 295700 5798915 12753 1847930 0 329 1258 3932 13329
1 111794 30152 40557 1029947 234340 323373 1964646 7002604 0 297 394 4160 172045
1 101239 153887 398372 23914 295853 7361670 29691 2148812 0 413 2589 21899 28000
1 31397 66720 557922 800649 429951 613950 49377 148541 0 200 266 5385 30311
1 20293 54066 20144 3134638 382408 26984 184879 508859 0 392 1047 3254 28784
1 100068 46449 1489110 11726 141377 50128 214554 653651 0 152 672 2983 111133
1 722211 258385 3036538 6263396 4599100 1923370 7047545 7749066 0 6339 34700 37246 367879
1 238688 2997610 124576 5662641 1382309 2204761 175945 4832508 0 353 894 3630 79121
1 15590 48772 267869 55115 6978942 848568 406217 1418451 0 167 1557 3731 38237
1 133862 27270 26001 12638 594062 135506 23433 3032788 0 1659 3711 9445 21784
1 271312 49215 238943 214029 2944898 1728560 340312 1110331 0 601 975 10736 93124
1 41875 36712 19443 18168 936270 788242 7228565 1863812 0 499 1377 6300 35496
1 15490 80072 4572086 201035 65501 6801570 421075 4123908 0 202 350 2986 27519
1 21829 3411009 2062537 11035 1359702 8886029 14222 5033512 0 1313 1867 3151 12170
1 636470 108307 8867398 89511 4385774 727106 478803 5170056 0 885 1170 6533 140715
1 111365 129294 144347 1916505 61119 923449 729101 1031627 0 160 1769 2476 91196
1 421070 7627214 509043 463578 332878 9561888 510767 3813528 0 182 438 7581 171915
1 63314 124472 832261 1236590 225099 68699 1775821 5395041 0 5103 10145 17476 73505
1 31133 46554 1118729 4455901 106915 15620 21358 7008711 0 521 918 1093 10495
1 60442 56397 98932 153741 5134199 589814 5663882 1029557 0 798 7550 10064 104736
1 55535 2509373 4949128 121089 4096687 1829663 295243 4250142 0 180 215 934 68989
1 16034 12260 24106 1853190 78300 1894020 12512 9119494 0 217 2107 5500 15180
1 212115 21962 22709 16709 4594208 70586 916991 6934323 0 301 3715 5155 116142
1 24024 48777 88766 31655 37775 1962638 9354757 1460161 0 792 2801 6970 19128
1 13780 8333201 344723 96704 15392 3322501 166742 1269864 0 580 1023 3240 27750
1 27721 32009 263640 1802789 2753029 612717 1503471 1065335 0 10903 11774 12134 35315
1 16705 31179 16517 25955 62812 6217181 35522 7064282 0 671 748 3003 8882
1 788751 195095 65728 3789979 1523192 3552970 1005795 5298100 0 842 34556 47162 691912
1 10292 20357 985570 614290 81588 57160 992452 2410650 0 730 2223 3762 23154
1 500037 32259 2397449 2864023 7747620 119926 490098 2960239 0 631 2608 3872 96087
1 126037 146874 715767 1020257 52025 2439331 27397 848441 0 726 9404 18027 32486
1 23335 1924879 23672 99723 10247 134638 185662 4059692 0 235 1631 2052 20747
1 38342 355410 29628 1623138 57867 2874162 143978 1364353 0 177 4879 39464 55696
1 17068 25328 34736 1522782 335159 235672 4588666 331944 0 225 4521 7489 23146
1 58052 103161 7730570 33338 113146 6981859 229195 5690459 0 156 1046 39897 54437
1 126150 2291040 1037787 125372 61781 566008 1144793 9319623 0 732 1626 2460 201625
1 63461 3349869 1987841 1492547 24492 3095987 267907 3086261 0 263 710 7902 47230
1 244209 30266 196211 64889 1269217 3441361 508664 935523 0 290 504 5158 308085
1 12218 1315650 908118 508199 226685 6251453 129481 534140 0 248 705 4196 17706
1 18586 10149 3391431 103275 221854 364168 23315 96974 0 308 694 2173 6183
1 25955 2534556 40972 24339 24867 685611 386703 7448992 0 305 680 1748 35493
1 11687 22678 8453456 418479 1847324 552026 143312 4469421 0 2212 3605 8733 18240
1 153886 2568077 60295 3301781 775807 126277 836751 2960974 0 2768 19762 25071 114267
1 37504 34328 2866927 2179391 29615 7431898 499806 1027132 0 220 451 6694 55226
1 16912 76793 80816 68013 594410 28520 260668 441421 0 251 3300 4105 28361
1 175109 1376504 3958758 6676370 31084 2250229 229204 1607141 0 217 2241 5851 125102
1 63352 365545 38214 27044 1696042 90030 25572 9173623 0 199 391 3326 18306
1 117325 5230780 268710 5879855 96327 1716280 24761 5450024 0 540 1114 23371 31818
1 24320 43718 140667 366358 70368 470155 10156 4986766 0 277 295 2696 8917
1 171311 30805 981110 137318 3420005 279898 468378 3535465 0 280 541 3879 278491
1 161397 271378 90077 4066655 928297 5495753 105378 2016862 0 931 44871 123730 184122
1 33581 743267 7889612 1575746 49432 69048 163614 3477059 0 179 717 819 16806
1 32732 44515 604715 45893 929689 2237665 13078 7018367 0 355 1268 9484 23149
1 172156 1704150 747129 11410 66142 29421 186179 6122267 0 155 644 2104 33735
1 179640 182205 150967 6367428 1726634 2363475 69921 3195672 0 287 744 5245 25559
1 478248 1488428 32066 4817373 38348 232391 239669 9311760 0 477 2250 66572 203544
1 22273 158562 10054 533768 123822 235346 322756 950536 0 378 885 2376 45717
1 88637 1655549 745303 57548 13817 771483 206223 2059432 0 1733 2724 7825 71029
1 1136528 232980 95577 1007159 83807 3662943 1370948 3390734 0 218 252 37217 547913
1 56347 682331 2815950 19506 1531975 459817 128393 6692466 0 1665 4420 36971 105350
1 17067 1284412 4332967 234747 2991929 881038 11998 105035 0 155 283 415 5979
1 1442492 143808 1289533 184275 106063 1075831 1542087 7264650 0 252 4038 4254 360423
1 223867 3442358 155427 13720 782815 4483884 477964 6868869 0 173 283 17786 91981
1 17131 44560 535951 178216 47610 194747 5581945 4111153 0 547 551 3215 11529
1 51401 2929785 111876 2316057 1850543 2147045 34041 1296800 0 7611 7979 18530 23766
1 136164 960903 8887902 40560 72650 1286145 462291 7071577 0 158 258 8239 80798
1 409621 1472545 312278 135122 5440637 4140504 537686 8128396 0 164 213 25865 434847
1 686775 574924 4283641 243365 777206 4548729 465115 3731563 0 6384 10376 32147 166196
1 1452473 155237 13327 6886103 5120925 2620792 689294 9554126 0 172 993 1952 386839
1 92399 4177077 5031940 73364 18000 163098 163634 2262853 0 1508 1885 6804 33454
1 285459 143260 103536 11542 562512 1736854 275492 3711950 0 160 1835 5422 87424
1 17319 33334 146565 50196 1822628 5878470 22335 764067 0 227 2305 18492 19983
1 20622 8118724 261616 377923 186474 122070 175810 9178686 0 911 979 1198 24850
1 137717 260534 122066 6847990 544107 1864478 4115071 1970647 0 336 13109 63785 175426
1 51408 849478 168682 37504 864612 168937 204473 739653 0 170 2895 13293 32177
1 10465 907367 142444 4721708 105201 8915339 41652 2166156 0 3994 6430 7119 21081
1 1334078 1741086 241210 4529060 317711 62291 1030547 9403437 0 539 7524 12526 627792
1 157340 1183702 12196 2267390 22788 2359347 2421043 4429848 0 228 748 147096 245348
1 152799 105770 864915 28925 3103092 1026428 977459 2025904 0 162 327 2503 137838
1 18240 270288 882396 1149171 397971 1649169 59054 1178578 0 151 240 592 8830
1 14171 772493 1938848 19752 46917 34705 114741 1812433 0 262 332 1979 9262
1 75822 18188 58165 32845 30282 316813 522781 449588 0 504 584 2637 136435
1 21437 3054373 97664 9237888 1170586 5975596 351019 6014093 0 193 353 18237 28348
1 21050 9118605 1497693 93617 36848 865271 144616 3629041 0 473 2882 10651 41333
1 79052 24545 3394897 4554800 1757834 770478 6076105 1521512 0 2595 4805 6360 96449
1 51453 328034 454139 456187 64104 101402 95112 1639203 0 12310 17575 30537 70847
1 159964 39207 143580 60190 405720 74134 524740 514607 0 1289 3787 5838 76763
1 364587 591673 1680349 4796229 157522 306940 90218 6941525 0 628 4639 36732 68075
1 22388 69448 614001 1114589 2107947 4118505 138312 259062 0 990 2960 3495 13315
1 350127 150944 6222216 32037 119244 3583949 645989 1521016 0 446 1339 50259 233718
1 14426 144544 535405 4514212 87236 112248 10931 5228927 0 1940 5693 21739 27620
1 20612 24697 5748315 31792 1213009 2519751 182836 273675 0 434 3524 4464 42842
1 38105 72653 3528842 993150 10886 16638 97343 1951120 0 593 955 6556 20911
1 178058 1585417 6077074 1288022 701119 109704 210678 9807014 0 192 312 1595 163681
1 37455 47900 1334783 16427 2511630 14248 243318 1306687 0 215 238 279 37800
1 50391 77888 226918 1703597 4832848 5955176 185092 3745015 0 225 241 6175 77397
1 30701 32632 1073308 2876940 1581028 167022 145169 4474831 0 346 818 5833 12427
1 284693 7551740 432867 361133 320584 763161 2430703 7781460 0 3245 9695 17853 182907
1 47768 190034 114729 3578060 206096 189990 706018 7593634 0 2841 6281 30134 33996
1 59049 1893652 96879 7520567 138492 355904 39797 417327 0 440 1955 3200 18548
1 54427 15135 7115077 190064 910031 935571 549031 8678933 0 429 2875 4102 27772
1 125153 44731 20789 354047 631528 1650356 893265 5308148 0 538 576 2579 84727
1 392812 232302 6380747 73157 459855 229920 1747762 1850417 0 151 1452 29308 408564
1 52632 3245095 99228 1364640 1186852 115683 591485 8500863 0 2725 3820 12357 109852
1 206430 4220118 163927 1081140 481042 855732 27856 4402218 0 2692 3167 90184 111192
1 77296 7434347 12226 22196 60237 536134 319473 3403746 0 315 326 1020 35426
1 187692 4788777 206361 360035 1359359 76706 179009 1434277 0 152 2012 17047 60406
1 739628 64818 7780693 2298370 893587 221524 1381330 2770138 0 2066 23489 24004 721270
1 39785 63816 60498 108338 674595 51510 1098283 1290389 0 1427 12604 18460 86476
1 24161 43452 28195 223086 184893 428618 18140 161322 0 331 2208 6517 9073
1 51385 6970726 2335492 1793153 2891157 46481 119838 2146689 0 277 385 5000 62641
1 32421 256633 287060 83418 237376 334624 2578700 4176207 0 553 3536 4423 29594
1 30135 444923 99399 448567 3516911 3566830 120066 2285385 0 1984 4733 50000 54586
1 13529 147060 67728 335332 378390 394496 174901 721949 0 172 974 8886 16466
1 29920 48678 9708045 8438567 978366 379039 688739 9342862 0 1126 1461 9457 12677
1 19217 116837 632574 153839 7148382 4012160 528533 2761273 0 281 1859 3940 24011
1 453188 1297850 55350 10311 39925 2048856 150672 4320857 0 498 1765 71431 199162
1 10391 118064 88599 39787 361430 170934 78992 5487475 0 250 1966 2020 26958
1 27278 70719 1874053 91684 474176 7276991 1257334 2649362 0 512 763 9142 13876
1 304756 71986 5605270 39839 190529 12823 859244 3377578 0 335 419 2244 122679
1 36185 88009 78700 215375 7213360 154396 545967 7490452 0 193 4845 8778 62113
1 23129 7683968 226883 6114205 53103 29946 43143 229811 0 169 2159 5375 17433
1 50329 193946 93190 1363869 61758 236620 1563556 9664262 0 395 8438 16180 29218
1 36187 25212 1222730 311096 2663490 129034 1239457 479130 0 546 3264 4728 37668
1 531853 1262489 1432445 13622 5839080 9057089 628011 7414940 0 264 303 1576 368077
1 387103 31313 32620 3571718 11633 135783 121166 1803572 0 209 741 3886 63344
1 46848 630508 3349093 54054 783195 82597 368293 1001230 0 176 453 3653 39179
1 71252 1621403 4388150 185543 9848941 1023812 490507 4170570 0 618 7167 27186 150182
1 16828 401052 14442 15507 349788 6639377 11202 144063 0 237 304 3899 11255
1 42355 3988697 2161373 151903 75131 800879 831966 3542729 0 289 1046 6284 82093
1 25267 12173 111354 62021 759953 408469 2949544 715454 0 153 625 1842 12209
1 360851 629573 160363 2734220 1944296 1082577 2098886 2242729 0 950 30965 54072 422924
1 88156 454471 23713 4269644 8413198 430665 478777 6875265 0 1240 1572 46504 53301
1 725646 1131242 319437 6591181 3666832 124355 405083 5272081 0 160 1171 8538 125565
1 189185 24601 714669 353350 29725 1958681 1363160 1480921 0 723 4191 11439 256423
1 19113 26672 622896 331660 1135258 3836231 87159 305008 0 532 2922 13288 16515
1 693653 256222 1901340 1564211 540240 446303 1344723 2265416 0 682 13210 51949 594932
1 571264 1164271 1280103 630232 41231 154509 1072511 4967064 0 157 265 22192 239690
1 19680 33693 6586804 4392680 543773 503007 5155388 334507 0 689 2606 11683 27105
1 530720 573476 65382 586408 1131157 8994973 30331 3307143 0 499 2164 85254 94416
1 11112 54649 122663 2448718 2539225 171658 1441659 4227808 0 239 417 1863 16955
1 516319 780588 73238 1061492 212278 98021 610600 2292651 0 629 1238 3902 134819
1 33816 19881 295312 1011016 13567 11576 1595034 3693070 0 622 1356 3849 17794
1 313966 1389347 456513 1920926 220250 114788 1171468 7271687 0 843 1152 1502 392385
1 148481 10358 6274276 195892 143868 34080 1687434 1699477 0 186 277 2287 306475
1 30679 76840 1220442 997835 9653643 4670010 5860829 4599771 0 571 2070 5052 65864
1 15636 8000765 1052321 840719 1161886 100398 95270 2020072 0 2296 6333 9496 13979
1 18193 119035 376562 5876647 646516 3873704 2185971 894270 0 211 5835 6425 24262
1 55944 7888563 43975 46153 119584 3252987 127319 3727576 0 160 302 1217 19311
1 77200 681314 1292046 1062447 4042007 460692 110040 994367 0 6907 10684 36696 92831
1 24358 174296 706778 48308 212711 2855371 9544998 4819311 0 198 7590 16844 20476
1 100349 10086 10695 39908 724460 4510430 4606830 9275519 0 265 595 646 73499
1 60595 48610 16270 37147 24755 141293 1988823 3997490 0 203 811 2190 63374
1 51240 189375 15008 2696433 496345 228350 1037115 9297318 0 184 5271 11829 25282
1 11133 3124678 14367 39376 3475942 158794 61129 3911531 0 805 1096 5970 8267
1 41875 22174 15464 311229 147552 399820 563747 9073698 0 177 843 1779 15909
1 51721 2814043 16837 107249 4845305 44790 638206 1357526 0 443 3995 7472 58766
1 56713 19004 145642 43073 38818 139595 2326718 7658017 0 211 2760 5332 45023
1 76462 102351 1141712 956276 476043 42755 408591 829925 0 441 713 1033 42188
1 50589 119263 1883627 313970 6497881 19214 26770 765131 0 228 838 1751 23719
1 55634 1451227 18001 536707 101781 3503098 1390961 2703968 0 881 1238 2577 68275
1 33613 614938 848910 1109740 1276396 909512 2512749 2142863 0 448 1168 9959 53701
1 86130 37532 918937 3601086 1744128 8630458 814851 8958076 0 220 8822 15105 50763
1 180606 984739 6588729 8773023 2270890 270525 2839972 6018522 0 628 17851 19785 353909
1 36016 25252 3802970 21816 17553 30412 22478 447680 0 160 275 2820 5952
1 39640 1316656 85489 2827740 88712 1588588 65646 9922847 0 225 250 17656 21144
1 1124833 2587656 6167256 8592268 272076 254995 765778 6307647 0 972 8049 27055 583990
1 49045 2880623 39798 18654 1493220 1963167 274088 2125616 0 406 2198 23000 38698
1 568047 752719 6214370 639678 1068369 3806237 373543 3738732 0 4472 49359 173239 480487
1 18126 52469 3343598 484637 1198814 46345 521051 1413589 0 515 613 1403 11096
1 59366 9153306 1616704 6942388 1458630 19703 196908 4059073 0 836 3080 4790 25029
1 807674 408102 2101461 37117 725218 491465 657384 7870410 0 167 3191 113039 354789
1 278206 163593 1276825 760895 124699 374379 1354526 3740237 0 1213 4386 68306 321423
1 75349 113147 32748 1766665 637454 1624814 7718012 1168937 0 180 474 19748 78892
1 155278 250599 1941256 484926 68987 139214 5546009 5566207 0 8588 11862 28959 91418
1 111841 339812 75656 53697 4126828 6220475 409482 2252498 0 451 3128 77837 252876
1 211539 1151597 922936 4734684 15148 9895954 3915357 9468615 0 297 1655 161177 332948
1 27063 25669 5374102 9001127 26858 60067 2504443 5576992 0 301 1907 2425 20258
1 351827 3639343 21980 9684065 400842 1882719 68510 4392782 0 878 28335 44691 71337
1 135818 201194 45271 1891823 2056222 77569 990767 2342042 0 2056 12174 30789 224130
1 32298 96483 660428 193744 693471 3175578 1029928 2494147 0 1344 6246 27208 68099
1 777256 85497 45447 48960 3629859 1393565 678366 3020018 0 576 3493 14997 491702
1 46476 78665 8474671 6628483 2552230 64998 807362 7209054 0 851 3320 10514 31125
1 23325 1490796 1900325 712968 1061720 228834 680769 9204906 0 614 695 883 40032
1 40039 206421 195857 1155053 507541 8402065 1238218 2382559 0 325 42824 46478 101684
1 56065 265770 118261 91889 791195 32059 72189 5349431 0 354 2352 4542 12849
1 23489 14015 154346 43471 51307 29831 1120438 889360 0 183 553 824 18656
1 263341 755412 14168 4785598 267438 727515 1340998 6544814 0 794 827 1513 560153
1 16658 576810 3142015 64306 7867099 50947 647215 2746278 0 239 5273 6990 22146
1 78442 2166348 3823762 34329 2825294 126818 212425 6931782 0 357 2882 35500 143894
1 59832 1248878 285004 112215 10465 2533289 1975015 5027499 0 428 1477 44679 56825
1 16325 34605 6795169 355516 416374 3266887 132538 2589794 0 196 827 1657 8377
1 38857 5479147 2682859 84746 4094705 25794 476284 1757732 0 266 1146 3131 31395
1 43610 58828 691959 76935 214519 1071867 7902055 4802799 0 208 7853 7899 66275
1 3703587 32497 21889 48424 3039969 1736822 1611090 8517913 0 292 1025 3857 722690
1 45230 32434 904048 366644 146114 110540 699854 814018 0 2175 2311 2832 19892
1 27174 477993 878263 168757 2084911 42177 53938 1822701 0 4740 7511 13612 16844
1 36625 568088 1107414 2122938 39130 1333083 1159643 7675584 0 2199 2702 57322 98739
1 707390 178150 1129929 80864 1808964 687206 305345 3885578 0 275 11012 17154 285903
1 1130375 1046641 38572 933580 3194797 853447 778233 7510134 0 195 1882 15367 169743
1 25300 749010 515732 195716 99264 4339624 85917 657642 0 216 1168 16874 23027
1 333440 4437608 13924 1208588 329560 126260 426933 3850444 0 256 341 3883 348968
1 37883 8119049 21530 33516 1021190 9925341 95923 380301 0 1730 3446 11849 37018
1 31713 1024822 137173 9147328 1124686 191223 63615 205534 0 281 319 4533 30467
1 105706 2523717 567078 34230 470942 153182 77299 7249938 0 2033 2674 63837 100461
1 10216 5340749 4429878 1665964 390793 253971 12219 9638094 0 4629 7491 10341 17489
1 776506 436594 991650 345442 736137 1946812 685917 8276725 0 236 3075 7009 127999
1 10042 1731719 38711 3848652 586455 691455 124792 2420892 0 152 425 2091 5903
1 15110 73929 14741 131642 9308239 40944 184668 680687 0 191 2396 7148 8559
1 77784 61804 6350485 363228 2848738 1747591 1335023 5251106 0 4097 5642 7333 41073
1 279136 1347519 366554 2855108 88075 8915270 2459601 4472772 0 340 1895 8619 191221
1 389398 87777 205675 5562306 217386 77464 304284 9255990 0 1490 8298 9021 55688
1 380097 3841109 150960 4961552 1553660 194974 91064 2993741 0 8929 10020 49329 100554
1 52311 11357 120949 56575 96928 30860 49249 224312 0 1813 2234 5640 33837
1 34374 308200 188546 182672 82766 5871350 233113 4932682 0 2441 4145 79164 113698
1 54037 32723 183600 133105 160988 1739328 14931 654177 0 283 690 1025 6844
1 485893 62210 25278 54294 13378 14290 684942 2230003 0 219 375 855 113398
1 99574 62861 411234 633176 22862 5303329 155636 912377 0 178 227 6318 25125
1 214204 625473 5359057 3992921 702936 326305 65130 4265214 0 3349 3861 5480 32405
1 20702 2038482 655443 220408 1321774 21433 10868 195335 0 181 3920 7544 10526
1 142574 201849 5946529 5483601 20540 27523 109281 1294595 0 1272 1361 4486 22763
1 32284 107107 138943 1132218 4585824 8966553 3968654 4522125 0 269 5604 8454 24195
1 13708 15283 45531 16771 19902 13693 3362621 271654 0 683 1543 4104 24054
1 156521 3215787 1041913 530105 38976 20266 359961 2968007 0 1835 2834 2941 48433
1 29678 769571 1531801 12918 6499121 1410122 1257764 5149746 0 152 630 1048 33256
1 112389 8494424 29719 873854 182260 81202 126799 2031180 0 205 304 21526 40952
1 209272 112489 4254784 15452 1115838 228390 354134 6257937 0 175 257 10740 283115
1 83228 939079 106301 946678 1073043 474002 1884184 4035877 0 2204 2232 5914 113360
1 15428 1452488 1584613 1413553 747611 110515 73475 250300 0 394 784 1848 8286
1 1421089 16544 4536179 26914 40546 89199 564281 4746820 0 297 1669 2958 414129
1 13638 867874 2656929 34838 702167 37142 134301 2218473 0 531 731 3019 31885
1 29755 881289 235009 2255070 344395 16951 2163257 5447250 0 199 257 1462 35127
1 172349 7345762 46964 2469144 841225 11766 84230 1987884 0 176 385 1333 26792
1 604248 18978 7460019 47057 278613 22730 598681 2690650 0 209 2513 2603 106669
1 580659 1781502 1106982 229271 9221705 98847 151120 9755351 0 220 304 4673 65944
1 78543 22669 1992392 204461 161321 75725 8612866 1384659 0 378 2688 2938 50435
1 263573 1050241 140283 4417222 7554175 18647 311749 1426267 0 839 3840 7297 145223
1 555559 2811078 309675 5215513 624323 535814 221229 7155385 0 250 1192 3649 156346
1 54630 79267 2611152 717958 363459 306629 602639 7789983 0 242 3007 14979 146806
1 97470 215644 939277 28921 909173 1148452 54762 7727327 0 304 551 9080 67077
1 18113 60154 235359 1733594 2271869 391579 346137 5874529 0 295 856 21423 40416
1 419779 14355 39618 8073565 10395 14142 731150 8175412 0 359 380 2637 75365
1 21424 975890 790530 138228 2845163 281134 1119055 1521067 0 525 836 13643 20626
1 22834 126560 22168 16786 601421 663918 104844 246368 0 168 2574 23531 30172
1 17013 1042206 2114539 121252 221019 886332 6600323 5983354 0 1022 4369 4969 26479
1 70340 1177090 403216 180674 3320144 30378 464178 1122584 0 2410 2606 2915 133398
1 16507 5732862 14845 2490477 15638 28521 56745 332841 0 218 292 983 7293
1 232626 82303 27808 359318 8607245 5395211 332320 1432906 0 973 3207 20831 51428
1 16897 11327 2057686 97347 288324 37214 4228900 5645054 0 336 824 913 12030
1 13234 4549752 1848814 800056 80912 288036 14842 1558656 0 680 1520 3811 5085
1 81943 3193325 3619352 56899 175863 3027389 340526 481784 0 286 370 398 84647
1 182151 2914980 84811 11060 200249 154207 11960 2032151 0 522 632 31200 35138
1 21366 108300 51939 123335 150627 95586 73502 251404 0 223 2080 16282 30851
1 102977 14923 3252565 1090508 73339 1388642 541823 529258 0 5201 5643 6622 47332
1 66800 83894 11193 357579 27911 4182292 4432603 8254746 0 548 549 3403 62432
1 59641 93383 2465354 382142 4868647 634287 496428 346288 0 1153 2171 17191 81134
1 173845 26152 78199 1323477 1614796 667537 234548 4154916 0 292 391 517 206019
1 14288 15382 1551043 3228283 2584738 76577 2844765 3731769 0 161 474 667 13762
1 27693 30932 13646 6360378 5267524 128131 390409 8015013 0 279 1352 1557 66938
1 13751 498395 30058 2339984 771836 9658782 381730 2783587 0 261 1594 19301 22039
1 25965 347869 91360 564359 222351 30767 35889 187359 0 183 730 5405 22722
1 55361 179874 1603525 40331 201617 1589149 2005021 4575592 0 1003 1212 1590 64782
1 24828 80902 117281 1729775 6812689 4699360 10999 1974909 0 309 805 815 8272
1 41513 2029559 1199897 394400 41253 109853 293543 1445747 0 503 2206 8175 25688
1 61681 2224726 156795 3592887 2591639 9805193 3849546 7475997 0 232 789 1335 60132
1 78804 21427 9698837 553982 1055808 430046 21392 2781532 0 423 567 4611 9024
1 146945 2267945 4575287 1120893 1707110 5780038 81957 3126608 0 595 986 2288 21942
1 93273 66740 19881 106012 1486048 20190 1093644 9711032 0 161 196 365 216002
1 24262 13598 16227 276304 35684 154364 400185 156302 0 159 2088 3497 25636
1 38480 82242 4786874 563897 479906 251259 3706761 1447902 0 279 1020 3533 43400
1 27554 595897 91373 6934151 2621276 442615 679155 1421793 0 525 1803 2179 23852
1 175573 363319 628091 64936 87491 986817 1728290 3842664 0 5220 17439 18838 142138
1 53510 62121 459538 172613 207646 58083 5544322 7588646 0 1718 3204 6273 145528
1 14298 4640442 6798751 342164 27016 2124498 26035 6878243 0 812 1517 9701 11257
1 220619 458569 589735 8502829 41950 156819 86521 1292523 0 1502 3922 39959 62839
1 76614 1084079 2015653 73335 5645991 275060 2203376 3975594 0 227 691 6276 108181
1 17723 1032569 1258933 70031 2296722 772922 312705 333568 0 417 923 1904 16956
1 21237 2372048 183314 84884 1255637 23948 10753 5481615 0 289 505 4296 5319
1 99351 17067 112866 80639 606011 9825133 2441536 3757814 0 378 10719 12006 88136
1 536253 300240 5433134 61688 214809 26120 410411 8206585 0 1513 1672 3876 404546
1 41381 663493 2746359 306501 228558 117525 2784831 2687900 0 409 1274 1546 70536
1 453518 3867671 35392 4818844 479784 1159687 119766 5542657 0 1806 3240 37558 66187
1 13705 797288 58818 130387 6059311 287941 931705 2540210 0 167 2616 2956 15289
1 78862 550530 58313 8721698 193335 2303733 1639180 2961929 0 4679 6469 18169 50042
1 303939 27608 122943 204015 57595 1011277 235668 1118484 0 415 5819 9902 231720
1 983934 863927 3118985 2724323 148264 244283 499563 4713657 0 771 3333 31434 160982
1 19258 1902057 564458 180303 14503 36965 384846 2843515 0 322 555 6808 32061
1 774806 2974662 28797 8157625 645793 4076241 237359 5741429 0 597 2186 85583 127802
1 40780 186298 290096 5485787 413280 3712180 7261171 3568286 0 1320 6743 58017 98477
1 27483 743962 810291 192059 474595 627605 25451 197738 0 364 3808 8592 14887
1 29182 4100476 80255 184248 7896316 3046825 398472 2579777 0 215 540 25767 34757
1 31522 21239 5830163 46709 1128317 875547 102578 1272112 0 534 839 1128 62389
1 13351 28827 16136 172033 148647 3956859 6994352 4987965 0 623 712 4057 4917
1 299457 981401 695524 130888 1304627 5486270 2269306 2958563 0 1208 5573 13980 435850
1 18209 217825 925929 129809 8343908 226510 7309792 2276561 0 308 718 3841 14656
1 20134 97546 99182 89316 56977 896500 76735 158428 0 222 8504 8680 25992
1 236296 720660 1108939 9105950 2582277 2052125 6061644 5750311 0 5814 6296 192047 296516
1 27716 73051 65357 89075 52299 26984 726988 5711852 0 356 647 4831 17597
1 16016 772952 78399 403946 1682555 2138491 2157400 6198000 0 238 290 4940 18145
1 124043 1467017 604496 7206155 65601 97236 106193 3128438 0 4031 4907 22321 33225
1 70746 50481 31506 26582 813557 266982 93360 193027 0 375 386 6962 50227
1 825930 2857849 43332 4798011 157031 1364966 366472 2687946 0 182 556 10246 160549
1 169131 439370 172028 3309305 63212 168745 210187 917449 0 307 308 2491 43660
1 17497 163765 141764 199765 1269279 222545 26252 7263714 0 441 1248 2258 4165
1 364201 93115 309775 192888 675923 1314885 540835 993541 0 251 871 15441 349910
1 46611 4277694 1720698 56407 1760228 9445711 13288 432281 0 486 747 2764 7817
1 115124 4127980 12969 5058027 86598 99814 618686 979140 0 644 2796 6442 257448
1 987451 154826 14444 2656536 10627 2836512 3402596 3521947 0 370 673 4490 729585
1 103441 17366 33813 194542 297310 278178 10483 598261 0 302 3737 5068 9890
1 107850 166152 415477 169332 6415433 3137907 4450433 1382224 0 444 18210 66259 80070
1 18261 237980 3879346 38280 527652 5959713 2440044 5925545 0 2166 4190 9023 9967
1 392145 1819782 367542 285826 2235574 109022 2736271 3541392 0 1505 8316 24084 403524
1 151641 135455 20311 160602 2385467 1703563 1693741 1713841 0 820 8340 14260 359394
1 494366 224290 876932 713690 638291 189968 149848 3397072 0 855 1679 6015 94387
1 64726 1113531 32875 188113 413659 919687 19336 534927 0 589 2207 32373 41672
1 75501 9448273 792701 7779558 65348 6660415 36161 410627 0 917 3209 16341 38040
1 249396 51372 20022 269864 372709 3206638 870036 667763 0 306 10250 10650 72401
1 48720 228653 8427387 362039 6587585 86668 769589 863815 0 691 6234 6309 73920
1 59377 30553 719324 2193519 215394 933446 249417 1311230 0 2224 2503 8271 125085
1 60015 7393398 102421 6654758 87555 930045 34205 7310317 0 1009 13024 19445 53502
1 27853 3369069 517635 541316 39669 7339894 1065725 3790069 0 271 285 3690 18085
1 1421619 1018878 14441 44747 3947309 5959782 2099205 8463581 0 570 1263 5322 314959
1 29082 16268 28041 328781 1988737 8598829 253691 169397 0 436 583 4891 10073
1 47993 45808 616830 353958 17493 14604 73038 6692585 0 167 808 1652 7138
1 31462 30484 8583326 40425 5257688 861751 871020 710612 0 432 2492 8127 76143
1 24014 183845 159581 711668 4513077 61585 1636408 2434079 0 342 1104 1934 49486
1 15511 2674526 174402 133577 3034123 8923023 323632 886929 0 1537 5908 8648 43547
1 16580 147982 179828 6112178 3549961 66036 4177799 7946617 0 273 2314 8939 26675
1 226403 190474 1860868 492472 1246745 58650 126535 2241455 0 1479 4828 14506 113462
1 1229018 1141202 21977 1783888 524745 377284 788488 9881221 0 758 5270 7669 155029
1 597872 2353858 406034 3799525 1435986 3353714 1032328 2209230 0 204 630 4261 184663
1 288777 95653 2440601 15253 2206844 7531262 189390 1197890 0 340 487 44415 95451
1 241949 502062 21686 174951 14746 942022 396641 2027894 0 886 1275 37056 373106
1 11162 626281 2081959 172615 3183309 895331 187177 232087 0 1360 2037 2753 9820
1 1200340 4037194 1011180 1121574 9227254 913116 304462 5446411 0 2855 20296 34832 131827
1 46501 77651 319370 219381 156964 1779419 1879716 485654 0 225 2138 7212 69718
1 42543 533998 10562 203256 1169610 961462 1025387 3169882 0 389 13516 19975 34880
1 104069 15818 729881 60747 36909 837670 7373429 1981787 0 856 911 5550 60114
1 143775 6991988 7480869 415850 813789 2181203 257326 723199 0 1626 2913 12601 145106
1 721584 376969 5253541 2053672 458975 130704 652388 7464177 0 1030 2635 6972 456459
1 68295 2000855 794689 1210451 1616859 25146 42660 1660374 0 1147 2690 2834 10129
1 38930 5343977 2043974 3268524 155469 1067968 1282625 2205686 0 164 2388 15885 81294
1 145049 11349 27154 1117554 7108529 369371 789527 1781527 0 190 3784 8199 130349
1 782814 309983 414989 69809 181117 3130878 3349801 7107567 0 168 203 54429 191618
1 20223 94665 898522 42577 1034536 5017832 127663 857331 0 847 3138 19000 58694
1 24656 1754724 549944 137903 7035395 12637 20536 426590 0 165 193 705 3502
1 12903 2145018 392376 9480639 2235191 158239 214530 2519561 0 502 503 3075 8149
1 684686 154881 3972583 6766043 9781128 2050876 3508163 2942363 0 2638 10369 25326 235512
1 87539 2412478 156188 789889 115822 6350144 113084 1660128 0 3467 8326 76918 82112
1 16436 16321 363548 866990 18222 54312 645655 1334625 0 283 2031 2440 6716
1 33380 18974 3896613 135688 37429 42453 269083 3721958 0 297 330 3260 7264
1 13573 906754 17005 3462937 3269002 320144 2812322 2272749 0 202 3227 9338 9404
1 57959 193874 2884506 64993 117805 1053111 425266 438541 0 277 2701 5155 96865
1 67025 56435 5643641 2768722 14700 37509 2852288 1860373 0 2645 3459 9593 95860
1 593808 259608 209084 8179378 6985645 569020 5263698 3953953 0 165 704 92657 590270
1 95413 2093592 359913 4249993 7471251 8587940 2715971 7187096 0 2759 13862 17706 175728
1 17328 70711 1649810 82013 40407 457003 15177 4877245 0 2793 7559 24219 32957
1 15772 184476 84523 92764 3400020 11750 42168 118892 0 562 2432 3013 20722
1 21078 1276836 4309199 112250 99424 4586123 2486636 3413901 0 193 259 6413 27712
1 70319 7641010 170461 118572 488771 667744 297302 1567465 0 1336 6897 31517 166930
1 120745 1035323 1485496 321187 6418657 2628102 1134909 5863558 0 6825 13396 48337 66249
1 14600 19621 627406 284179 86986 54973 5125958 2837844 0 188 887 1978 34029
1 145156 28880 4235505 20813 356328 1316293 2751511 2502645 0 1424 4821 13272 66461
1 20540 125332 5824846 43547 2015576 3853689 1342242 6400958 0 215 256 1225 22644
1 24797 1400030 356136 1816320 175740 1638807 12780 204604 0 231 1387 5775 7930
1 172651 2614941 2928945 40909 3048985 656096 61475 3843320 0 372 10885 14019 39398
