scenario N1 N2 N3 N4 N5 ta raa t1 N6 t2 N7 t3 Nanc
1 505527 405796 7070536 57524 63692 3658 0.0891289860010147 12672 1870133 131480 235284 215899 4661039
1 82178 307779 15750 203687 95331 1776 0.0651199668645859 16311 214747 60915 87821 96347 1803577
1 477135 204497 21105 37194 255442 2484 0.45878803730011 6450 119776 37454 336406 247521 8029925
1 1204737 331221 1292079 750626 118235 233 0.0798766240477562 50458 253720 92131 628290 494665 4097745
1 139425 37316 859010 423125 76114 4657 0.073611281812191 9460 17274 10907 73925 28992 2634743
1 173879 229108 2968095 59228 9407811 5483 0.21098056435585 6486 310936 73203 113268 116530 3482591
1 174528 17741 54084 6277980 45124 491 0.148745104670525 2012 45949 4038 326115 174144 2370263
1 116442 2853707 10378 33498 765591 1515 0.130045980215073 8823 290249 45386 209791 105709 5530629
1 214866 60186 499564 184822 542518 2161 0.0728922635316849 10658 56570 12686 521815 196513 4815267
1 582941 34791 2564545 2157979 25798 373 0.118663020431995 13024 8256953 35190 1007610 404648 2400274
1 43976 1651065 575735 8556912 37490 6002 0.456335097551346 17881 11530 18811 19357 36787 8079929
1 37434 52072 691845 132891 114208 311 0.28794127702713 8381 365070 23593 356550 76602 8254573
1 18353 15718 441452 6873956 17641 155 0.180482640862465 2131 286055 5302 78240 25114 179104
1 50887 14441 67064 297529 961856 1845 0.302634418010712 4472 11102 5154 72289 27157 1009523
1 61315 5371289 3247648 151466 1655379 752 0.278925478458405 11726 121166 23932 41494 54994 7083772
1 169380 23004 228341 50455 104216 184 0.187915727496147 373 64231 3869 196758 129625 6058659
1 60311 26165 564863 13073 16770 191 0.22772578895092 1357 4496610 6986 38035 39704 1221852
1 249726 86756 51529 57424 26891 263 0.0791133716702461 3924 263637 15496 50346 32972 2398597
1 34684 1213133 46350 161786 11281 248 0.214254811406136 1185 4112626 16799 45709 37706 2377683
1 59200 13012 57361 3954675 1053880 4588 0.309492170810699 7233 288645 10129 14664 18191 4490719
1 169525 2768277 17517 131679 36232 1808 0.0709600225090981 14481 1782210 194873 34989 219761 3671366
1 403409 189553 27900 64360 40546 502 0.188557907938957 9381 6370332 235805 193385 319784 9996636
1 240087 423438 17551 101655 1453407 2214 0.104082174599171 12630 108758 34652 18696 47082 3966492
1 542556 2813590 2711536 2501377 685642 96296 0.113669246435165 116785 1417011 369965 443434 691133 8159608
1 34345 5394523 987929 393825 7776471 1980 0.0580059476196766 7926 78057 20803 37562 34868 1555965
1 90925 8827905 231330 4236435 16068 489 0.0607526451349258 3829 46976 9858 130853 115387 881238
1 416663 469399 1522216 13996 270760 996 0.136988595128059 2664 44610 19896 749104 335864 3665551
1 43820 170515 26622 3926604 291358 439 0.224293440580368 1381 303360 21443 63244 54243 7709293
1 55781 17957 5088374 2927725 14364 925 0.0700381472706795 4142 7745591 22339 21276 37550 783847
1 173678 90489 356140 50296 8379456 3707 0.0556984730064869 6056 740185 45104 73019 61082 2066391
1 10479 3231847 473760 17053 10648 1941 0.115301802754402 2410 53571 5138 45921 9860 282368
1 59169 77365 202486 67069 73209 755 0.195661470293999 21259 1446768 29136 114948 93412 800901
1 397419 52194 7101993 331037 3652568 4256 0.289512097835541 29625 1600346 42470 622627 232502 9732385
1 17543 305875 17459 18784 25281 269 0.0720708295702934 1090 194832 1770 14130 12887 2015780
1 234730 58552 700293 63859 24677 3368 0.129674553871155 7768 152348 12268 1657992 197391 6738124
1 179395 770070 36949 566893 11541 569 0.122914008796215 751 627417 88564 299073 154352 5895113
1 592789 83729 6477758 588988 67430 717 0.118589267134666 7286 2242869 18788 644923 417578 7738096
1 1528738 182823 587803 2802571 12952 1119 0.0974211692810059 5691 4480848 45849 351978 204894 7025000
1 25067 64283 4308202 80268 45934 365 0.400539606809616 2641 1028663 3213 40811 15245 1053845
1 492763 41485 83871 78241 778656 399 0.115483969449997 3319 245793 31759 358938 212870 9610853
1 231753 92668 37180 9399106 64471 287 0.490814030170441 1204 779394 13371 284895 260608 6904260
1 43149 183896 46934 43478 25335 163 0.330522149801254 3027 317471 74648 1539637 115853 4999246
1 47772 10671 4231364 31810 4018900 174 0.28308042883873 306 384291 4342 59401 45894 4521880
1 1851641 120316 108940 3378759 20269 3610 0.059617780148983 8043 1025018 25162 125605 74663 6967974
1 629785 33210 324149 2481378 104166 1524 0.187835723161697 4638 162815 12901 322128 200606 2858167
1 172379 1020574 24170 5084051 331542 757 0.276438266038895 11874 2350198 168841 19183 187313 7018967
1 99282 4714722 288791 68915 103442 908 0.230897396802902 8214 970407 59102 82417 74238 3184294
1 78431 116348 728898 13645 2868333 2528 0.115600690245628 3321 638106 14999 14076 24366 9601826
1 37956 498564 529480 10205 71518 155 0.469145268201828 1623 2367473 2356 40513 33615 8839672
1 229226 115831 18934 477502 1953167 1052 0.0551365353167057 11109 305802 11631 155402 92824 5950044
1 125747 88256 33467 94989 89058 985 0.41510021686554 13530 205030 29986 3037394 75050 9698589
1 188614 117788 3775165 21901 1897147 423 0.183733358979225 4657 34060 10486 2248658 330191 6844648
1 83608 23678 1374226 13238 64362 1142 0.271812677383423 2475 100771 15686 49549 24592 9869834
1 155069 143738 461868 642999 2225137 3276 0.189958915114403 7467 805165 25862 297692 164922 3924767
1 311001 61925 2134492 11518 44582 350 0.100596137344837 406 6771577 63095 138254 148892 7528165
1 24412 13633 23796 69313 21414 151 0.267858624458313 1713 210356 1823 259973 40443 5207819
1 193366 197508 167115 704145 27184 1152 0.101385831832886 7829 50582 10004 70304 50395 689896
1 126489 68299 4684535 39301 34048 4491 0.375650703907013 9023 78703 17394 7681825 267371 1379140
1 14576 4409960 7693481 58716 47580 173 0.141081050038338 578 90591 11143 30702 18478 1532402
1 499704 317860 41241 721655 251610 416 0.140409842133522 45581 154314 125373 494234 564376 3164166
1 84540 44828 75676 3572577 3555926 2154 0.0651418790221214 3185 6493404 7126 63745 44424 5229487
1 60448 87409 44551 2804107 920666 280 0.0910262614488602 6453 9222994 39181 21648 42627 4713204
1 225831 53075 31145 2785306 1737803 457 0.309656798839569 8945 160286 19989 737240 378697 3070969
1 160611 98744 86963 379644 730444 1596 0.258375108242035 4121 26197 10009 161344 78910 7229178
1 579543 125287 34163 1535985 233216 1671 0.0662928745150566 45118 3163701 75395 5806660 379275 5224631
1 266714 463912 205073 7639885 2242044 1977 0.0927877873182297 7893 211352 125037 61786 162482 8161888
1 80089 68710 11861 19884 4110173 229 0.127568811178207 1500 377606 17395 73281 79195 763614
1 231669 5588176 28853 17344 11953 240 0.0816385447978973 2284 79495 2658 209521 53290 3021978
1 464078 78683 10932 234630 55199 585 0.100362755358219 2539 157065 32755 2634227 178504 2460095
1 30758 80370 2269824 77259 731352 391 0.114406205713749 11591 80806 38572 9816214 46271 9407053
1 22537 48394 10391 1132665 200552 156 0.080698698759079 192 2250814 5538 22046 17655 8612569
1 184459 475696 2033460 918965 6144116 18025 0.0624949559569359 40932 7276100 46697 187094 93169 7741862
1 1333452 113315 49808 695176 55786 2576 0.109337218105793 8371 288500 54095 446272 459768 6036175
1 547864 70113 10376 289280 12231 180 0.117387689650059 4402 8805326 69062 9331263 253195 7338316
1 103148 9748500 162185 564142 31734 1556 0.0958596915006638 6303 5187913 79788 51954 117792 6268739
1 546414 255965 15014 2848249 508689 366 0.105964094400406 3747 2812886 36433 1045579 513874 5941856
1 138731 224267 344844 243044 1362267 8040 0.225737527012825 14048 6197805 18874 42330 38831 3617841
1 48450 1385188 769037 868756 11657 420 0.159531965851784 967 14033 1720 27216 10149 4027985
1 56073 938039 103775 5985325 21976 1466 0.164836034178734 5032 120251 9724 429206 55694 8774268
1 43279 52230 1862969 17704 26546 180 0.0544298440217972 3873 107504 18281 133476 35527 645895
1 118280 26123 45761 262405 4605786 6734 0.124253921210766 10241 377192 10398 112427 45021 5931343
1 55766 232604 40183 22067 59908 1010 0.0737737268209457 2920 911346 31488 15731 51553 5347532
1 17082 420083 10190 3577803 88331 236 0.465419828891754 5244 274718 24403 28445 28676 1705309
1 34884 127022 458585 63397 2115829 590 0.258389741182327 14401 5323558 36164 46805 57616 7533831
1 2052193 42963 45115 492501 45352 1767 0.11210522800684 19039 2138821 20968 1422859 556624 2430922
1 179991 26570 8876875 52774 210248 3523 0.127561435103416 15827 248403 20255 526364 138198 2122194
1 22721 115069 12237 35291 12498 241 0.216519191861153 810 38368 5721 54698 19652 1606503
1 79083 67723 1619774 30114 16397 777 0.191238150000572 6108 6304639 37105 817226 190459 5228119
1 91278 509020 276458 2056318 9508910 613 0.107577838003635 763 59083 9435 54355 29594 2556299
1 908948 118063 254946 533475 366601 560 0.408407121896744 5870 115610 18870 817818 324364 6444212
1 115725 1331473 18741 1946721 24981 1880 0.212244644761086 2168 277043 8604 1146679 283104 3449578
1 102856 279321 952208 32390 99426 1014 0.459390431642532 2636 64253 5014 81071 42482 4355702
1 35300 187188 54841 494747 1846452 527 0.126307606697083 693 143263 34243 16797 36761 9887505
1 31385 401984 385139 658179 147580 1701 0.0687308236956596 9175 12465 10915 56497 30036 816064
1 123301 1069530 133068 996665 11697 1200 0.369414180517197 2379 41415 18154 21485 38182 2982884
1 1752769 8215104 2218859 291917 68996 608 0.175400942564011 37525 6361933 40324 1046695 407591 7302595
1 73026 344614 89458 51798 15116 1853 0.0583971999585629 1858 118796 5100 77004 76583 1316365
1 118602 626004 395247 465279 657195 6718 0.141657829284668 68522 9913527 82260 765513 114267 3305538
1 656401 13229 10210 1136851 13164 973 0.374222368001938 1109 34727 4434 20674 13538 929618
1 61332 28060 2124036 2999379 21538 232 0.0705398395657539 4098 378034 8920 91212 22961 271354
1 927629 219562 71183 288741 95105 3776 0.403424710035324 5628 237945 52841 1819339 213875 5368944
1 397054 35762 13503 3618247 16937 267 0.0750388950109482 766 60298 2954 578502 471636 2657820
1 89158 55697 88449 1923903 34636 3143 0.0888504236936569 7605 732317 19547 61832 93803 7754126
1 96344 54676 44373 16635 17100 451 0.127189084887505 1561 840089 9345 326175 35862 3952005
1 82676 15960 53050 8511363 137789 232 0.0862848162651062 6695 32979 9771 146914 28430 1531774
1 23129 7683968 226883 6114205 53103 169 0.297007203102112 2159 29946 5375 43143 17433 229811
1 179416 4088747 24970 19327 349924 3132 0.113828882575035 3809 742154 29319 65594 60894 1081410
1 879067 75526 166890 44438 65382 1948 0.234638422727585 9076 658592 33289 6506210 214594 5531135
1 262070 455708 5067079 107955 81396 328 0.373219400644302 847 276807 49014 331027 105011 5403361
1 97646 220241 266495 435529 974228 189 0.381363540887833 8719 17239 13930 54831 67371 2702571
1 44732 192422 56590 17591 33824 508 0.222865611314774 2013 1980085 73817 127834 128951 3032507
1 115582 19816 2182511 966291 12504 400 0.172865480184555 959 555985 4986 209254 141526 552276
1 43922 35418 131026 962448 1530379 260 0.215255200862885 1250 29630 5624 191757 30030 4609086
1 79396 181816 5183572 2003058 945999 2318 0.073033981025219 22284 154083 73312 33285 94747 3278997
1 510828 28461 19004 84588 10710 1330 0.440929293632507 2604 676421 10487 1164290 192844 5621225
1 44723 121350 30311 71420 2398467 735 0.367216736078262 6216 641317 9287 14777 23517 4421378
1 414689 3800777 35754 2112382 27152 1095 0.181156948208809 2518 89697 15933 1369353 253466 4289261
1 247902 176406 594055 187143 21688 3875 0.131410285830498 12857 7393022 18475 179343 160066 2668409
1 184722 11966 85012 1380375 21851 1998 0.0543236956000328 6142 284510 7454 23968 15551 393644
1 1891364 132931 95725 309235 159020 949 0.0749598667025566 2010 271908 60262 1178886 623837 6945021
1 34287 59301 43941 1737031 813366 473 0.0694510713219643 14515 253522 29508 426725 45321 1601722
1 12539 826219 57433 582638 30494 3756 0.0744641050696373 5816 6006479 6965 459276 18656 9913058
1 20255 36558 67987 913837 16081 218 0.0686194971203804 3977 1087158 4842 220273 12307 1757001
1 126195 22145 26801 324591 10663 1209 0.0974009111523628 4506 264313 5190 285777 63730 292941
1 240101 155782 88957 5362014 15547 169 0.327364474534988 1892 575882 15645 677303 129040 7853639
1 123085 382373 1979136 1692362 34880 3475 0.302270829677582 8206 630551 12732 770015 161326 1323144
1 43135 17769 9434195 1564356 40465 193 0.0539765395224094 3176 1585363 5651 20322 10090 8414486
1 206916 250057 34579 65057 725990 2052 0.0522596575319767 5864 2797285 194938 1382787 271763 3856440
1 34252 8132406 235638 1734909 14550 1490 0.0519958585500717 2261 241913 7065 61067 21798 7556939
1 83370 249793 112611 14800 827989 242 0.17254164814949 1713 2288111 1864 294259 80168 1620260
1 31195 43013 989753 410061 245183 538 0.0635775178670883 930 45946 4684 62527 37965 1423222
1 39101 292487 115641 38295 11685 850 0.201472356915474 2041 32433 3630 32121 7266 2478531
1 647887 151485 315472 11958 123591 2489 0.0712399408221245 2834 60197 49402 802352 459712 9085455
1 644250 51396 123646 351854 1509252 2836 0.20054779946804 5660 168293 24183 489530 389228 2661836
1 10035 30826 8570901 25595 109955 266 0.088509626686573 407 5058006 5910 22582 9471 3819603
1 19145 13845 304678 383659 3702045 1851 0.225555345416069 3795 434555 3885 23654 9297 2809631
1 132083 11002 215387 522315 22073 622 0.329279959201813 3566 1494219 6103 260896 41100 1253460
1 15288 10346 639421 172465 76863 436 0.0687903389334679 3378 66641 4464 1010287 41322 7461788
1 64377 170889 1060240 80123 63995 203 0.0739338025450706 1987 69377 20825 4259352 72350 5206983
1 149573 73440 40364 751743 3427782 2321 0.0739879831671715 13074 33889 28913 1367154 301853 4832527
1 24012 266730 542836 62444 30655 4436 0.162710160017014 6310 1014654 18022 84056 40755 258713
1 325482 276646 1792570 71778 320123 2126 0.205680355429649 2687 3762998 31280 162937 98744 4610462
1 2032087 81658 77908 2370153 40962 5117 0.152736261487007 19877 2032404 61978 2277477 309716 6793653
1 32231 341146 41164 24787 238252 2428 0.0927304476499557 3669 3285729 4034 75351 37909 689802
1 390920 2425044 106657 218052 11360 210 0.0637810230255127 2086 2882810 22478 109863 129718 2520293
1 59093 922636 4343012 596067 109677 4561 0.367865055799484 36737 5978562 84134 906656 120992 3225747
1 84807 1445295 8708290 137858 1232492 938 0.0765010565519333 5853 4810926 21072 63775 42803 4913008
1 101244 75410 231321 82520 492165 200 0.112883262336254 3157 152099 13452 212610 37571 1655195
1 48053 483613 2373695 1963482 17037 636 0.130985766649246 3305 15740 7977 182739 40022 1261329
1 47094 1871227 13569 116370 226052 627 0.0548833347856998 2798 1548874 3451 39933 40030 2829974
1 62419 191850 9180196 455235 4422510 909 0.218157663941383 27073 63887 28595 303143 127702 2233110
1 24290 274538 1990802 872162 24398 414 0.24070680141449 1700 8677930 13616 360336 42978 1457298
1 56473 21674 33527 862352 27784 172 0.188561767339706 637 474360 4725 24146 11069 1444803
1 236145 964911 3754169 3110565 1686941 727 0.0798042193055153 35270 327663 121708 848481 207760 3815860
1 11629 94661 493355 1204691 3196848 293 0.223649010062218 4518 253809 9332 11140 13698 2683790
1 777012 834075 168624 242875 353521 4478 0.153612568974495 5859 468376 64225 649652 444541 2296200
1 255347 182467 92692 151843 2976889 1264 0.0877817794680595 41816 91580 73180 307742 347162 9135352
1 32373 153005 74541 7142948 5807807 306 0.225631237030029 9478 223767 9574 43418 28024 869715
1 369498 177273 167188 1170163 16018 7515 0.06822569668293 12125 7230853 172766 435627 476783 4159114
1 52533 39801 83451 94659 8569056 204 0.058765135705471 873 137467 2389 23980 16620 1750226
1 98533 8873898 264138 39464 66337 235 0.16865237057209 1198 5345351 4069 155275 80744 5685071
1 1793909 250183 39525 85060 634219 3502 0.0739388316869736 8317 666985 88249 5153828 460433 7820723
1 2128616 134721 72055 11633 527712 577 0.138595879077911 2386 17661 13005 1106756 512275 5847272
1 236454 3219041 3064081 43329 40630 279 0.249812006950378 1440 395008 11934 280090 164870 3581289
1 44798 134795 6756031 9890953 20310 395 0.0743644088506699 2052 460429 4080 35621 36108 4322617
1 12847 46271 4931134 53378 19272 270 0.110345169901848 950 38783 17991 69810 20161 6154994
1 122301 47057 10543 199296 20495 311 0.174819007515907 1557 823802 8029 343192 50212 2301958
1 861895 81368 42317 4299134 10605 869 0.439716309309006 3644 465936 7615 165634 144522 3182241
1 130346 162175 23932 1963519 78507 5343 0.1218072026968 7766 22885 14263 203883 30710 9252662
1 987488 33388 149613 13930 16250 1655 0.060725674033165 1710 1475351 30531 172607 167770 5083485
1 30667 373902 6409273 92625 64284 310 0.12053045630455 13085 2890110 13207 4652762 61484 4792189
1 75634 444053 22770 3014417 337561 215 0.293624341487885 53318 402875 65257 3642123 79659 2453687
1 13352 70486 15454 3183829 4241726 569 0.107991747558117 724 613745 17580 45140 27343 1096893
1 115523 605715 2598574 1268824 1782872 1206 0.305287420749664 1745 46015 4321 113949 73397 939894
1 75207 130391 12821 9352716 14084 654 0.140931397676468 1946 219470 15399 27949 37098 330376
1 21856 123341 22533 2034847 690879 1978 0.250865817070007 7421 255926 21789 4331121 32485 6393638
1 408070 6538962 1154555 124205 16561 1540 0.230038359761238 3984 5985498 9077 133616 105817 4509162
1 33958 157079 9305496 5956214 8708328 258 0.17564445734024 414 10479 1503 90116 41541 334276
1 66234 6355509 4614261 4832315 218030 389 0.0501525215804577 10664 6586726 40942 18137 55459 2134005
1 93218 1016633 32307 709966 266906 293 0.124245285987854 5047 8673641 8113 95079 47319 4609636
1 123049 9259410 825656 2469117 2260049 728 0.0614597238600254 8815 101166 26178 40431 44386 5176368
1 372442 258815 331121 1594757 1801540 161 0.110361121594906 210 178501 68283 1535730 387591 5529179
1 42167 638359 3022041 750730 19759 5238 0.17890752851963 7192 895630 19869 1717205 51959 2946830
1 340568 2149078 11391 4141503 90508 1796 0.0863093063235283 11565 10519 14578 341004 55842 1845615
1 66174 125940 68177 4147103 143830 162 0.206080079078674 19793 424005 33579 31653 72969 8773518
1 966653 132456 1199461 3508311 68950 1629 0.112067222595215 13145 874694 56265 555141 142017 6730434
1 242424 511161 18201 4640887 1147261 317 0.221215143799782 344 1745879 78344 82633 97510 5390726
1 1643837 186952 1179233 372758 49890 22913 0.0699542388319969 37061 165778 48195 109450 169448 4972449
1 410283 131189 301634 715114 38269 709 0.114802420139313 928 10905 2239 1589831 526607 9419651
1 155942 1485690 2551634 38018 871592 2372 0.0720733925700188 6415 98149 25396 519103 83030 2924768
1 2450934 504082 86269 29092 569216 283 0.391844153404236 7300 283093 40691 3013205 446104 7024585
1 10789 20083 235932 6922524 3640351 167 0.111330159008503 842 134920 927 28488 11868 111874
1 14531 714958 927166 236256 20633 1507 0.347750842571259 4218 473436 5748 107435 39679 2441171
1 461044 668009 2366618 2343223 79290 1631 0.203482881188393 6602 189923 14454 237912 249297 4795480
1 328143 88192 534378 6738292 2314843 171 0.336098253726959 14544 26569 18158 1948057 498571 3658157
1 290936 33134 82527 25844 15653 178 0.321977347135544 1781 8896960 2910 66792 36600 1073064
1 251103 1490892 1351357 199427 158223 4659 0.157410457730293 37301 3879956 60203 3968388 180878 7937455
1 71294 170453 176754 3315083 18278 173 0.209909841418266 959 333739 1827 134259 59014 2417794
1 313513 61460 3763719 123490 14639 212 0.128900066018105 1015 533509 5186 422423 344175 1516900
1 42792 490272 7885644 540442 245513 1746 0.0770007744431496 9273 576868 14001 15006 16614 1723459
1 224208 3175743 1738612 486967 390746 1574 0.0692590326070786 2094 9934599 104778 158141 166858 3244003
1 105485 121905 251699 205276 776119 740 0.236580908298492 834 431993 48850 51363 58168 846108
1 196522 15793 1933672 3210941 32313 1213 0.140187174081802 3320 1322084 6766 243936 37410 3277371
1 494535 976665 512963 443019 115844 191 0.142373651266098 19619 59714 48240 109686 132907 4791579
1 23426 373135 144866 4877000 148983 609 0.0824274495244026 21755 300600 28159 315074 69412 939594
1 75140 17236 2716871 30602 689471 265 0.293914556503296 382 116410 1065 203446 59833 887859
1 300811 3868407 26015 506049 128010 779 0.199324920773506 10080 5363531 25705 66953 50859 5586059
1 1198559 3214105 28089 40194 11432 336 0.173293992877007 1738 2002911 86390 387719 489894 7595014
1 231091 28817 487568 9495468 257508 261 0.247014656662941 6235 689891 25035 63789 43194 6938828
1 421545 7352066 264885 1065649 33502 954 0.110099747776985 3301 2404639 139827 547890 618912 6234458
1 160516 3124389 77056 206059 10672 687 0.341778695583344 3760 1049499 9318 273550 73962 1802496
1 78924 4362247 338558 81678 87668 184 0.384267538785934 529 106657 16578 93603 54970 5662304
1 15234 22191 695870 347269 1088828 481 0.261180460453033 907 59205 3526 166248 14008 1127884
1 19149 348336 255677 7353615 67756 697 0.242279335856438 16364 1101514 38771 9226803 44653 9819650
1 560971 346702 6106521 94625 2803886 291 0.0900531113147736 17461 2143206 207810 2035849 385124 7997191
1 537943 736754 14480 137864 772180 403 0.256863206624985 26124 148008 68545 161724 256626 4045154
1 58250 828956 1629195 26959 136682 157 0.0933666899800301 621 3806979 32220 261759 100246 2894255
1 711327 253494 857517 22619 34247 543 0.0573621466755867 1151 11777 4737 598111 142374 6304749
1 11567 141374 36129 1238785 10322 1947 0.095476433634758 3551 343748 11952 1800184 29111 469366
1 105171 14755 97952 47897 262760 278 0.107075460255146 3548 2462509 3779 477217 236769 8729460
1 123459 33525 3500652 11379 43754 525 0.0621199645102024 743 260526 5934 55136 23878 9159755
1 695597 212592 1286674 2348356 75765 258 0.0844451859593391 6060 2256442 25567 171119 179032 4449504
1 21371 206853 22828 181320 2037026 429 0.221724182367325 6969 243310 43074 196833 53396 1634810
1 161632 1778869 1610048 27308 306148 746 0.259909987449646 6493 10522 11768 17406 21856 5993736
1 799869 220596 3991912 26589 16111 237 0.236637145280838 404 544625 106681 4606626 501072 3523081
1 83721 7674707 217054 145162 32871 1127 0.174931213259697 6112 795442 12084 442461 193274 1483770
1 135442 4045763 3667113 1486104 391805 4269 0.153514131903648 43260 733343 189568 233131 203619 9390737
1 265578 527462 958226 19196 2254377 831 0.191997900605202 4984 2613318 19202 538117 105784 3711051
1 158928 18946 104591 2991043 7538445 371 0.279760986566544 1051 42646 4055 78418 95439 3386840
1 138662 6386383 568623 570180 84707 5934 0.0854000374674797 7555 129471 9535 311959 190774 1716933
1 49758 60968 3549049 23567 20692 238 0.470326274633408 253 5005118 3162 194395 51898 1395309
1 254990 437682 97957 16778 196817 634 0.126459792256355 1897 141888 24168 41460 31998 2132194
1 72659 11167 191761 455463 55783 2348 0.1310925334692 3845 77020 6901 204184 27361 275328
1 145229 323913 792010 3395400 21156 204 0.193074345588684 10148 1101909 64517 2983950 134692 1478767
1 67227 473301 144640 178679 18835 1120 0.269417643547058 10832 68761 22013 1539035 107229 1255022
1 270989 204372 15656 12425 1481806 429 0.203433260321617 1468 532751 46532 1210371 193793 4007504
1 810807 669540 12250 26611 350645 593 0.0651467218995094 6425 2745756 62174 475456 301626 9107549
1 296703 144261 38711 85287 596603 461 0.0864330530166626 3396 3648286 114604 242978 124598 9984984
1 436273 70167 5288611 1165354 18012 3039 0.18685956299305 7367 87076 8798 66794 68092 6919291
1 1953722 99266 1411545 2651442 133809 186 0.241328313946724 622 1285057 32622 749567 437821 5868589
1 71993 1238526 197694 54806 99930 429 0.206980988383293 6172 1936993 88918 861856 231947 7411011
1 112168 427284 402375 9559701 25888 262 0.35354807972908 6534 150432 18456 5114750 94857 4037617
1 167721 21404 21496 161806 1602799 706 0.0876704901456833 4600 3694719 4633 840317 382673 2953298
1 67452 19719 16478 126493 25490 330 0.43513497710228 537 986138 1090 31437 20694 914360
1 56456 214903 856365 8088456 76724 914 0.0595775246620178 8951 19397 22846 16165 31222 1615724
1 861588 36390 1064437 338498 17137 227 0.140812888741493 5582 15663 8266 182641 19118 7577020
1 118234 207459 1228752 207749 49833 1401 0.325980007648468 10687 153686 30573 855527 78858 1070495
1 321366 155199 73201 9922447 4157297 195 0.247164487838745 5459 1561938 75047 2893372 412165 5669192
1 24570 98185 11717 3706093 61790 422 0.210979700088501 1666 47705 11551 163073 67209 6374755
1 896190 9119299 32947 349624 13076 205 0.412791341543198 3316 3685080 6290 164047 65835 6299971
1 166516 389013 113150 19801 346150 426 0.0914241075515747 8090 346875 16698 145489 95816 947960
1 11906 36849 239728 3017692 168150 164 0.24102258682251 543 336828 659 10919 6510 1727272
1 605581 14328 15845 611121 7072127 524 0.28208127617836 686 114828 819 732699 572434 7015109
1 37122 43291 2035304 18052 81589 204 0.203029632568359 475 6509896 10124 146718 42618 3319556
1 271924 84693 1041463 188688 17062 217 0.26432791352272 500 517725 14093 45002 29474 2041052
1 22409 53406 224557 871884 64577 354 0.205585464835167 2844 717132 9733 811866 19884 3394821
1 236567 269555 45189 194665 39836 6224 0.389894992113113 11640 46488 13336 157263 31766 699134
1 146303 5619595 71429 4765794 135920 2578 0.0783116519451141 3357 2161368 3474 76691 45698 2073967
1 532572 784281 12432 100463 11404 554 0.365946054458618 2126 48058 18807 301057 54827 7755346
1 85291 23528 32354 2154181 236549 478 0.115570388734341 7761 59924 12546 5551180 51001 4097547
1 116952 203104 2704514 17194 70651 353 0.284032702445984 1573 417284 81566 1528512 83127 1619083
1 185570 59231 5258671 1241570 5081226 193 0.444808483123779 13748 110759 28024 46762 52297 1099797
1 12495 664108 5036990 46948 312003 279 0.050361942499876 2078 45078 2674 29227 6837 4994630
1 60573 11141 333446 4481140 1181115 1315 0.284546971321106 2051 1499134 5099 63783 16870 1322211
1 35011 336346 1543762 782894 2816401 5174 0.46973392367363 33705 729012 62078 79576 68318 4961577
1 225300 12968 13522 1022016 187797 270 0.285135924816132 5377 51947 7795 3546992 353973 5326701
1 65798 19202 1143719 36040 935159 285 0.121923953294754 807 26196 3136 24870 8258 913256
1 414239 3429345 8257783 22678 11397 915 0.238335490226746 5623 109140 11358 11828 14865 829556
1 13961 703657 5785817 1046803 12306 858 0.377030074596405 1454 50813 11123 226736 17399 1135909
1 1953865 354065 12386 30743 8204528 375 0.447421014308929 5198 126242 8714 2005796 618792 7253063
1 43400 51049 3607339 271640 3799962 574 0.125943526625633 11761 211926 19490 593204 78009 4136302
1 118329 74700 2212964 46930 47594 361 0.0716587379574776 4485 357625 35534 6261104 78617 647272
1 30345 326834 32689 6193014 29244 721 0.189846590161324 10281 783182 25718 68605 62348 402481
1 60174 44046 3901266 33270 782591 482 0.181013226509094 7549 120542 10475 7044111 100887 7175079
1 211169 40427 361512 880588 3479448 1254 0.19052155315876 5445 44235 16308 3407291 62842 7353449
1 340398 221642 538954 101308 91901 2542 0.0664782673120499 7977 3513037 73255 2134853 209475 4219274
1 12525 35155 870671 385899 244017 174 0.0843455865979195 2684 2688839 15545 83303 28484 734076
1 404114 164989 995601 110697 2792693 2019 0.113941311836243 4273 230731 13341 1667949 669461 2062499
1 403304 5641385 169142 141815 54262 361 0.287533432245255 21690 9792027 22619 13174 26335 788022
1 147978 91253 1243212 1120647 1828685 2271 0.0562412217259407 52192 212567 79769 3381927 169455 4866674
1 233384 423272 4073003 690258 219188 66936 0.154200971126556 171831 4465883 232611 330868 333775 1862774
1 41186 127061 2088704 11653 431028 787 0.318760454654694 5668 116074 15106 169083 74125 5629435
1 351226 73880 12660 32514 485838 1429 0.0925182476639748 1463 151016 4289 383473 339533 6085159
1 63276 74059 47375 2543011 830593 3824 0.0676243901252747 5350 479561 41020 1053200 104532 3958393
1 124804 46741 1923865 2940697 819909 2647 0.334005564451218 2746 4214011 2781 133107 79245 1751569
1 635459 124350 41116 10787 246788 293 0.354062587022781 2776 45850 27672 293156 129373 1418616
1 46267 289986 760512 49555 301915 4309 0.0893393009901047 5788 22500 6962 45360 43113 962160
1 82553 158918 116992 69558 548933 2730 0.116880618035793 11129 6969205 27957 790016 267138 8570769
1 28180 36060 23128 156044 67982 185 0.32864835858345 6754 679840 8563 53817 13657 3469347
1 224484 831605 672650 7152798 2754946 180 0.357190281152725 445 6190282 54683 199300 105106 4646972
1 108273 162319 6455624 450291 85038 1227 0.287647724151611 9247 190994 15222 3821662 148894 2211432
1 201004 170589 2118231 2425387 2237239 1904 0.175096318125725 2181 400413 63651 618054 143972 1591985
1 67718 14582 4351890 11152 388843 422 0.364479660987854 841 4427033 4444 165690 24160 2696167
1 411629 43393 17431 256315 698738 991 0.0541811808943748 3467 2460211 5705 103089 46756 2260802
1 81504 150229 490743 20841 1107134 151 0.0606796406209469 595 2040475 1175 288841 73757 2435912
1 26996 116780 47086 141369 5020969 828 0.200280249118805 15315 2863409 18098 117397 73417 4050716
1 68436 108183 483286 985040 27729 1165 0.153945297002792 13042 174480 25011 881420 71283 446166
1 656671 2703597 567331 7478230 866324 719 0.221479684114456 823 1061200 147363 298482 261399 5012674
1 417799 174477 182667 4200189 1745093 1045 0.133769333362579 14215 209698 124836 836516 239746 6708720
1 199838 52696 851652 82255 2272471 270 0.259539723396301 533 62321 18804 2262492 300179 1827686
1 514396 24603 13659 9565579 13886 166 0.375933766365051 900 426668 10560 52269 27471 4014231
1 19843 2424872 15685 77573 79746 376 0.392038613557816 748 58051 2371 10622 6550 205562
1 139455 17237 96959 190501 1408195 578 0.094205267727375 20070 157770 22474 197000 57714 2101209
1 36931 122777 9228565 14618 998853 907 0.0533296279609203 2664 1542341 79262 889318 83316 7644023
1 91456 140020 7539459 14289 16116 343 0.30791375041008 4813 5675943 62297 141836 121530 410031
1 287329 602671 7724387 129152 3103026 8309 0.0685587823390961 8398 1657728 36671 4132349 317051 6764268
1 23453 12687 518453 53069 37599 273 0.0882412493228912 1748 9341923 10227 5143158 16131 907467
1 82808 1687564 5538091 76260 15785 3036 0.296098053455353 4667 1309437 6627 1342554 158023 9859314
1 174316 113469 555350 15546 59814 615 0.110552206635475 7547 11192 12041 21048 17616 4705394
1 382021 408110 3831208 8242003 22026 1035 0.120900563895702 6389 643944 156100 2799593 296229 1982328
1 40291 1812886 475361 1613446 12686 1185 0.128732889890671 1200 705164 33934 80941 45341 539538
1 50196 3326007 160276 714389 1749925 390 0.123461723327637 5549 213154 6073 104565 69481 1156828
1 110499 212441 23010 372273 13093 168 0.103999309241772 8394 1520314 98626 6507256 183054 1893117
1 51908 141006 5792879 327752 873046 1532 0.239060431718826 33262 971353 42849 100690 50432 1371372
1 991403 4115883 1989951 156006 1402018 1516 0.459982305765152 10299 153436 38048 861420 244716 5106260
1 254375 215879 2180089 37369 199637 9940 0.126998454332352 16138 380149 58889 897436 117702 1295554
1 48575 32072 1723590 177097 606743 516 0.0707555562257767 995 229628 6973 17318 14288 246132
1 50263 653647 1367822 1056858 32807 2824 0.334169268608093 3645 984250 4310 1207974 62200 4864743
1 996873 657275 214205 132640 199290 6126 0.223107442259789 39328 253190 59720 86354 97414 2327233
1 933474 31613 60396 96174 57278 335 0.162013038992882 7531 291076 39313 1555028 278066 1615169
1 184410 394753 134011 122546 293109 502 0.208327651023865 3493 135619 4385 150569 100077 4971111
1 11354 4065391 309190 3228420 67362 162 0.467386364936829 192 28390 740 20212 6808 340314
1 175619 26999 8362982 1329756 527745 175 0.167523458600044 654 12739 2713 110351 27733 1165738
1 572308 65856 662718 14896 122675 160 0.0742192789912224 294 41177 2651 205090 98991 1665036
1 641391 4549182 485186 2291450 4996192 1087 0.209759294986725 1720 16845 7860 899655 632859 6136286
1 243145 464168 563695 23835 206222 1488 0.108466789126396 5471 18568 6751 69720 26897 8949936
1 120480 1493924 89607 768264 54564 454 0.329780966043472 817 98400 5727 496121 137794 2259536
1 73625 34097 76573 4093030 240481 241 0.367449313402176 414 4086712 10402 18540 21386 500661
1 114822 1327431 66326 26744 732660 1963 0.369202733039856 6545 301100 26024 146741 42715 3299053
1 1069888 1975552 7093222 6157705 441177 420 0.218109652400017 5456 1243289 117078 846482 506999 5237876
1 15227 13173 15624 7420862 9052803 176 0.104514569044113 618 10075 1847 31291 4264 855628
1 33691 1980875 123891 170484 78413 606 0.0513939037919044 8393 2163321 18040 154577 24160 3515888
1 41127 2267595 58939 1347481 44425 228 0.242469638586044 27482 2351663 30132 89778 39931 4400029
1 1296227 1390352 1880835 429712 342482 227 0.200229942798615 22595 3024715 442794 173057 616554 5907720
1 77603 349325 152599 52761 45876 1767 0.238996103405952 3788 1164514 10710 814693 158342 936303
1 283337 1326652 61000 27162 18585 165 0.0650906413793564 2022 108969 29184 785641 376148 1189137
1 1884673 12695 659602 1236613 670051 153 0.433282136917114 997 78408 4626 509995 214425 6179122
1 1154687 55679 162568 1844680 12450 228 0.0757340788841248 515 1718106 10264 555279 223785 2290729
1 100511 57057 45094 107073 171413 613 0.100016735494137 727 6066401 1065 213380 99653 607309
1 31885 116180 3336852 1587973 1056154 287 0.108811601996422 32104 85126 47573 16996 47957 3571247
1 19267 9316181 102242 52237 145378 1203 0.0540463924407959 1272 12151 4193 80145 18399 1073865
1 34027 72897 538050 3985431 59357 637 0.152539610862732 6626 277433 11161 5605057 25206 678651
1 3766216 102236 43610 10680 19905 161 0.369779020547867 3417 129376 31246 58562 38251 8334839
1 87984 19672 11454 3443981 86444 154 0.448833405971527 2564 125318 7606 1147488 69452 682592
1 2228044 561190 47409 828166 27826 938 0.0792963728308678 4280 5947087 12879 550383 199836 3401095
1 137040 30380 299011 14136 2349740 285 0.470489919185638 622 53587 14637 542927 116135 1513140
1 79747 5484179 1944785 3358797 10939 176 0.0514109097421169 2699 85417 3797 577279 110710 632053
1 35682 157845 27165 8825021 22424 229 0.19866780936718 1189 3613889 2517 73317 64525 834407
1 348006 2753173 67086 3042462 64317 610 0.450629025697708 2771 27739 3530 179496 110227 2605081
1 371734 2726337 2593236 8350458 61186 172 0.27459129691124 6718 5706743 52253 142444 131527 9046106
1 656566 15256 774213 325885 12368 172 0.084613062441349 2235 657446 2348 9199601 272450 4337695
1 36504 111312 1009630 749286 1383721 606 0.137175723910332 741 171530 35411 404514 51472 1920874
1 375550 148903 62733 6053171 13558 422 0.157539486885071 1720 94568 41370 927621 89542 2759338
1 28337 371179 499347 2469257 957645 1724 0.466846585273743 3991 162675 31615 7280545 55788 3010989
1 36546 10658 17004 28869 1538512 277 0.0654215291142464 508 93800 1563 45587 21351 108846
1 29188 1629874 792863 82219 24977 361 0.306957721710205 7567 4791594 7955 1053090 109920 8898689
1 162312 10586 11583 246081 35157 303 0.0666414424777031 4960 188279 6538 91755 83915 261342
1 55232 56811 18874 85595 9991259 1329 0.077748216688633 13940 51587 41848 9565391 59097 8000808
1 988757 18331 13997 5233578 17360 999 0.323588013648987 8514 7097186 9664 3805706 452102 2108147
1 564799 14819 69385 287095 20602 162 0.23609171807766 6314 7255820 22704 705538 525127 2005368
1 49706 1987237 45590 1269783 50497 803 0.2190310806036 6493 1738487 24494 317390 60046 6192191
1 397298 4394617 40676 3896961 185752 235 0.0693352147936821 18680 25549 20369 891140 724361 5444389
1 86426 3266768 104222 52685 223468 443 0.172844722867012 1218 9002624 19351 32439 27122 4487591
1 275961 7106920 120346 927215 1537906 5333 0.147440284490585 8207 1532164 30883 379663 364204 2735219
1 51494 18291 29544 316197 1781755 582 0.144473478198051 2106 11497 2991 13154 6085 1386728
1 123903 53822 2071426 118100 21940 494 0.0855115875601768 5085 212935 52850 7266190 70168 515856
1 66616 119569 6421135 414717 8406724 882 0.156945556402206 3186 334374 55485 896562 149710 5059021
1 797179 208432 11407 1304383 1076376 1618 0.360906302928925 5059 3323853 100315 465250 419999 4152713
1 15993 2108851 1003893 29373 42086 307 0.224224120378494 563 150668 15904 148201 41817 7575764
1 40155 93442 15124 202086 1384703 3480 0.0601683333516121 11579 61743 13308 5199580 34778 3569826
1 293365 42936 74948 1303869 102211 521 0.0666011869907379 1495 6951505 3212 443883 110617 1712674
1 85445 422702 46510 16144 34954 857 0.156424105167389 1138 61345 7119 238556 117081 325367
1 17765 37342 24790 416377 32397 4609 0.0521534457802773 5197 526729 5210 640275 6947 388205
1 80751 6649197 1272324 33096 31722 408 0.435036867856979 1549 350831 5294 25672 29895 4200394
1 127245 13704 922297 5226230 66326 295 0.0518028363585472 6293 253619 21741 351248 89959 728981
1 52491 151985 909504 5574971 17631 1603 0.136277481913567 3400 9862873 11471 820130 60588 1680318
1 1002012 2646823 161275 1377280 20782 1141 0.0711168050765991 1890 1513112 19076 518605 214618 3479470
1 2349586 457195 275806 59365 132880 763 0.329863518476486 5742 337687 126878 282352 188249 5185592
1 395993 535205 56266 1071274 488658 1134 0.261342287063599 17839 1313153 34663 1570364 241051 3353709
1 695949 191426 1459463 928097 6422517 1266 0.0785550773143768 6461 1568558 39897 1350020 450607 2589635
1 738969 36709 49373 9556733 12824 663 0.0583807490766048 818 22210 7755 723077 107147 2491345
1 14829 10619 178305 2544680 17763 159 0.0809675604104996 2732 442557 2761 1980800 13022 3872333
1 50035 5570595 8958332 72282 10418 584 0.372957706451416 2281 6342850 5885 40941 20470 762699
1 13322 3568505 3425396 2552926 48139 295 0.334514915943146 1497 1474556 1596 45279 12510 4728651
1 2823218 79955 11832 923975 62745 1350 0.0858891531825066 4892 67647 23299 25013 28000 1934028
1 18688 158945 1671234 33014 16857 840 0.241136625409126 2759 108179 13902 7061579 53294 586433
1 320551 122722 15286 2615325 1230452 1114 0.437681466341019 9509 6372060 18871 1644763 215793 2473346
1 167602 5916408 131997 9302492 3940784 247 0.0805880054831505 1568 272471 130144 51537 157405 5528814
1 11116 15620 615098 399597 93283 168 0.126553401350975 375 8903950 823 14596 5138 81354
1 25792 8375764 1072524 51920 1525891 199 0.328342139720917 408 130099 2521 27443 22123 682192
1 145585 28022 40973 33036 568815 614 0.377090722322464 1305 6145497 2238 18697 10301 5422923
1 60339 97773 116513 5755048 976333 462 0.162559777498245 1160 127708 28019 30254 67298 1481749
1 357062 16401 39813 67515 228748 164 0.0892525836825371 212 818136 1804 766474 404617 2365182
1 379081 26935 908832 6685336 3365534 395 0.185561060905457 1802 1765268 3556 2237093 733640 3437958
1 49393 1371235 2571705 6127795 136471 1212 0.266877770423889 23175 1435995 36319 110736 59232 393619
1 1919073 385010 348544 74212 114119 712 0.0726690068840981 1838 178638 18985 4250055 660482 7492878
1 164117 7306621 347186 256171 17591 338 0.375943422317505 2325 1109616 44174 4284635 283488 9901057
1 29350 268567 54266 218239 98061 2434 0.0752473250031471 8550 305601 8996 31669 13077 4179212
1 97485 548816 182734 34140 233306 3369 0.108174197375774 5807 117567 7392 1464662 115845 1602633
1 166245 13872 65106 9824854 110036 1391 0.140980631113052 3199 282874 16821 118495 59082 1377440
1 4041501 723832 20057 31142 20537 439 0.0581122860312462 2105 12235 3511 1074504 156586 9581677
1 15563 17736 431382 4133940 24236 1393 0.155138522386551 6516 542133 13888 1206520 29109 6715897
1 2515252 12314 3108155 19021 33061 425 0.157143965363503 5852 1812178 15151 286464 91399 5762938
1 117626 525860 92555 124337 2172185 4525 0.28873485326767 12684 4588158 45527 2561511 340718 3898434
1 908765 559666 13229 3083883 13631 1526 0.0684524849057198 8157 781796 38806 229526 288204 2270991
1 613672 5514937 745391 1090184 127722 288 0.0607719793915749 13164 58256 25195 107741 64852 2030974
1 20946 3585012 31293 112734 3334493 1140 0.090942770242691 1912 154020 35570 59621 58131 8369060
1 342546 19246 10873 1305627 16800 594 0.173356711864471 692 28011 6798 809084 51935 839210
1 271783 12687 18652 259002 121257 573 0.0847076922655106 805 4570394 2005 102437 124701 3549434
1 2298273 209469 18023 2578711 338516 2367 0.0723035931587219 6459 51702 14629 510467 99896 7669615
1 61806 25652 256838 27450 26262 237 0.30237740278244 2682 2167936 8249 16838 13407 187434
1 35205 7493241 303001 149761 1298827 3723 0.108427666127682 6258 7593200 15370 41241 32845 6081858
1 325546 10723 1438832 5847282 101820 1345 0.159846290946007 5399 5478468 5987 63694 17404 1410895
1 39652 690328 1564958 81731 22174 256 0.0832673162221909 2143 818612 34241 675306 192258 9928324
1 219937 82645 524799 721053 1826464 235 0.0840239748358727 2542 36678 16832 208169 61073 1387363
1 34088 54594 8478972 1734132 23265 287 0.0724472254514694 3646 371335 4131 1948960 24074 1791632
1 80767 7483516 255335 24048 1177976 1378 0.0700511559844017 3126 309144 81063 326022 113814 5895701
1 38329 1596557 2256491 140958 50939 177 0.310161739587784 1928 554839 8452 88411 24335 9561984
1 131229 701480 5363343 6375531 11434 155 0.320427477359772 289 27570 586 110107 28724 2004322
1 27748 23519 46662 2434113 1550755 378 0.0701564848423004 760 26977 10088 2214655 11616 1610250
1 16125 35992 825526 623716 160962 151 0.0933409705758095 1146 3633092 3414 13251 7306 1196849
1 10802 86357 481362 568049 657614 1938 0.352712601423264 3077 3777688 3180 73598 13574 5375774
1 381306 456659 24290 6611701 62078 2632 0.264374166727066 4116 5331379 12017 96431 60519 2529075
1 393668 224376 340441 12169 1385156 3900 0.0521438717842102 6715 16822 10762 21975 24735 5777986
1 99335 1734397 87504 17899 52617 157 0.193738669157028 531 54625 1853 361396 103893 660025
1 23716 2449722 45663 79520 262877 823 0.173401460051537 4659 19595 8705 47332 40500 7200865
1 575673 82170 301110 22324 35351 442 0.137053325772285 2853 587167 23295 876156 110867 1152514
1 37202 246593 1151561 584709 284633 515 0.197172731161118 14981 115871 39722 5834347 46315 791961
1 90359 6365196 82523 17799 202717 3910 0.121164329349995 6773 140231 12819 38581 38049 271705
1 31874 2350667 3620777 5287637 152548 423 0.208960011601448 12205 279622 41167 364129 61050 1503981
1 56315 833579 1479467 6225240 5409184 356 0.408122509717941 2758 68030 28281 58314 34910 2184178
1 18833 4834278 45619 292384 267038 3095 0.0741920843720436 14840 104412 20333 22013 21552 903780
1 1046414 1328286 16695 1207509 46078 802 0.266344130039215 2191 26111 7585 46178 24358 2094081
1 168962 152401 32299 2002755 75643 162 0.285033077001572 193 38682 13176 293363 52623 1611863
1 895893 255461 7156697 42701 9349904 468 0.0990012884140015 2615 142985 39553 2581727 222598 3569296
1 36752 2331524 8594743 94463 1607393 760 0.0630914643406868 1079 14911 6634 77063 23991 845000
1 24566 1347541 970339 83039 8181803 177 0.121278792619705 1215 22074 2401 31314 9918 8800044
1 118492 628113 347679 536537 24462 6209 0.217145845293999 17259 170539 127513 71599 134897 9260035
1 166301 226832 1598504 1916169 2369729 9389 0.0910153165459633 38122 89198 62742 3965427 81677 1979266
1 180090 156601 450500 60124 110882 653 0.214119896292686 1608 4161763 36867 31190 41540 2678114
1 79171 299423 139463 274621 855537 18239 0.44657164812088 30075 1387953 69800 5162645 74536 6628329
1 72946 1033159 5002670 5921086 109028 474 0.0529948882758617 7170 38451 11987 2954481 96533 6851605
1 386708 18200 2377107 8172188 219690 1122 0.083424486219883 1855 475760 10564 66412 36099 5335477
1 12553 61260 152746 167837 1122132 321 0.0698786675930023 651 13164 948 36572 13484 3144369
1 55167 18473 1118576 1196747 347067 416 0.375244349241257 3309 8084001 15966 175977 44778 444004
1 61339 25454 1559350 392096 455584 545 0.321108818054199 10784 141411 11251 26072 14266 629369
1 190950 39489 519811 608566 479371 2303 0.277910888195038 6693 39735 7607 24429 16202 3961414
1 45883 58036 54989 51276 277646 157 0.119312137365341 18571 378158 30372 308101 37180 1629801
1 456081 625790 160120 6121321 1138434 1966 0.484837383031845 2650 13131 5689 275803 153104 2302803
1 192376 29750 53372 4077166 19392 1285 0.128096699714661 1772 1791649 29951 740949 168077 415347
1 112735 533961 1892540 272259 311126 213 0.292658716440201 36078 234016 83141 472719 270111 1733715
1 952543 1122559 23635 10666 33059 1047 0.0954998210072517 2380 3973231 44721 517302 174318 5086927
1 32392 342584 3615464 51959 18430 232 0.486716121435165 7884 1816823 15294 828317 96550 5009436
1 29247 6272077 114851 217604 33690 339 0.183281853795052 7134 857690 22861 482443 60339 814411
1 136222 92950 7680268 2816895 217628 391 0.310293763875961 1035 12481 2415 127203 27807 633590
1 13970 112900 172057 375993 129640 1692 0.245893895626068 2537 70698 5095 18898 7715 174720
1 434310 734112 10209 4109482 85112 547 0.15811887383461 1423 2151104 3376 511583 302643 4173290
1 118051 1614584 9287776 57193 1547271 406 0.0831562131643295 12772 6521157 14246 270133 60875 6680172
1 15030 39841 53537 988432 40237 189 0.153632178902626 921 396434 1215 68693 26323 235702
1 471914 140518 5256508 1666535 393630 213 0.142328500747681 2199 193157 26539 731340 684770 2509471
1 150537 15281 3601963 399055 22121 2554 0.283647507429123 2985 208366 18945 357611 147045 230326
1 27451 31980 1037148 147944 40505 224 0.287996351718903 880 179228 1859 1043223 36261 6447830
1 311603 5375014 7708739 52434 2270165 966 0.218738943338394 8970 878347 29657 162606 69783 4129171
1 689659 19448 948860 2635442 648871 181 0.187250822782516 195 151829 5531 2129210 374551 7934321
1 164710 8392703 22107 223207 206024 157 0.141225025057793 23511 195841 34389 766989 110141 2619503
1 4244574 16213 38061 10675 99710 435 0.193119451403618 1223 26526 6199 19910 14580 345589
1 27098 16191 7033556 6788376 912439 222 0.0703162997961044 306 349100 5038 250010 26557 508953
1 95220 591441 207630 3517552 7838824 386 0.103684678673744 867 462656 39453 6622228 126941 3914265
1 69842 141111 6403169 8189046 1098442 321 0.323885649442673 19795 180656 56702 1779698 181139 8697511
1 25422 9760030 2793683 1060410 90169 195 0.296417862176895 1437 149107 1559 14709 9075 863797
1 1043697 491006 13947 59997 32848 1918 0.18212454020977 19337 640467 57328 765042 363610 4567693
1 48359 79363 821600 63540 1706194 1109 0.0546995475888252 3647 100633 9861 729911 174132 8975485
1 456406 426742 273396 1265642 19411 175 0.183386251330376 1470 2461989 7592 70138 38743 1840990
1 157410 377743 2479444 1188791 4390009 405 0.110323257744312 3416 148718 8048 1291142 315253 5529794
1 861699 58929 22148 838153 117601 1661 0.311880499124527 2327 6122020 72747 696550 741110 9971186
1 62732 58345 592860 3958613 101870 229 0.403994590044022 560 541388 13133 2548943 56068 4169383
1 838087 22954 645816 798360 16896 2218 0.0543920584022999 6014 17451 13693 58370 45537 8380826
1 107927 636432 26688 3503566 1471750 184 0.170160308480263 502 18063 5767 254354 44203 5486313
1 339860 166774 1175827 1739088 1183886 1408 0.334818810224533 6504 890041 41229 48585 74250 2318828
1 145261 15442 112183 7877919 35703 257 0.0506979450583458 1440 103690 5726 5443062 422250 7048268
1 1219315 86239 747864 7022904 12790 696 0.274184286594391 1416 1872329 1693 3633251 588490 5863785
1 647843 3296213 4112630 40955 73127 3640 0.0955445766448975 4062 1015404 37787 734577 200132 2729972
1 291076 209563 49208 5762060 2650257 525 0.0580640733242035 3693 770519 4987 142986 118637 7684889
1 31429 272531 6836305 8229216 156704 3845 0.109874352812767 5968 1270845 9175 48572 14369 908492
1 1112131 178944 2237991 9404414 34026 1277 0.0607543885707855 3503 951848 14737 19594 21754 2358925
1 3155326 103645 51033 367531 10877 764 0.434239566326141 2594 2618016 17475 359778 158384 2366976
1 313210 134778 6841012 7553267 67840 3231 0.159335032105446 4624 1390432 75096 801743 90514 2871187
1 55401 93722 294985 1882360 1700524 17246 0.161151066422462 23413 2617326 72331 326110 90551 6869685
1 91398 18935 351049 85256 13842 166 0.109422378242016 256 10373 4953 98211 72257 1370421
1 7268675 229414 773378 50844 9663062 1842 0.0756211802363396 2443 372658 41746 981967 229558 8685981
1 84490 6062717 109855 4433267 121393 334 0.182503908872604 4183 93418 5746 134685 108058 1473219
1 86082 38932 8793704 14227 164569 2140 0.0741564631462097 2956 241523 34353 228398 194174 1213628
1 94565 921160 568211 1855614 4928649 191 0.154230013489723 219 10768 5439 83945 69771 3236563
1 80229 13620 48615 3521066 5327030 1256 0.328213900327682 2377 30363 7179 379426 27155 3381676
1 68184 35370 45613 74674 46012 172 0.226749032735825 6213 95972 28659 663093 132578 280581
1 205291 617501 169921 22336 140674 582 0.166170716285706 4087 563009 4860 1033790 137104 6177098
1 99456 52823 1551947 173454 1615255 180 0.445303529500961 4184 5196221 23158 3354018 85722 5722741
1 10382 157370 548369 21419 259878 502 0.0850363224744797 2811 25037 4749 1044249 19177 5401387
1 118989 144077 25764 1488773 426027 532 0.0918171927332878 586 60890 34589 27170 36745 1888084
1 88429 299441 382219 16641 1295012 745 0.447110295295715 7035 500334 18551 33191 48126 754756
