41 3 1103 80 112 33 16 14
59 8 1288 81 162 18 32 4
7 97 520 1586 125 79 28 12
83 5 1856 141 159 30 29 5
61 0 3422 252 173 13 37 0
46 0 616 61 110 7 78 2
35 9 277 286 41 77 13 67
43 6 238 213 52 49 28 49
58 0 685 47 93 5 70 2
38 1 453 7 47 30 9 21
42 2 414 17 50 31 10 21
59 4 647 27 101 19 51 15
52 5 849 64 126 41 68 23
54 0 1400 46 156 41 85 27
40 0 528 150 57 33 29 19
32 2 322 123 70 40 21 18
27 3 400 105 71 44 20 20
30 5 473 53 67 51 24 25
43 0 888 68 86 26 31 18
71 0 260 219 20 36 15 19
182 0 236 30 40 1 26 5
839 325 550 0 41 0 39 0
1023 136 524 0 43 0 38 0
1108 129 372 10 37 1 32 5
41 1000 138 225 29 7 26 7
862 153 618 0 54 0 30 0
35 33 165 74 52 5 32 2
43 450 196 194 42 11 39 5
382 115 628 0 75 0 74 0
365 215 211 0 32 0 37 0
646 76 372 0 42 0 45 0
16 686 112 259 25 42 31 21
698 95 580 0 55 0 43 0
555 98 567 0 74 0 51 0
446 226 563 0 49 0 46 0
405 88 538 0 50 0 51 0
461 0 459 59 36 14 29 6
0 617 111 291 14 27 25 19
13 719 160 219 30 11 38 12
509 231 456 0 48 0 45 0
507 250 505 0 56 0 33 0
640 100 1002 0 92 0 42 0
13 30 121 48 36 11 49 6
35 62 129 358 28 21 29 9
51 64 530 0 71 0 31 0
213 1032 261 292 53 13 22 9
353 48 494 0 47 1 33 0
446 0 393 50 35 7 30 5
354 32 568 7 68 12 29 3
220 60 536 15 71 17 40 7
12 115 144 33 52 7 68 2
170 40 262 0 64 0 61 0
103 0 179 30 34 9 33 7
423 108 463 0 38 0 35 0
28 165 265 84 29 12 22 10
508 193 612 0 43 0 31 0
427 262 432 45 62 10 27 4
40 382 180 261 40 17 25 7
318 91 546 0 66 0 30 0
451 202 583 0 53 0 31 1
882 0 254 138 38 15 29 1
649 127 505 0 47 0 39 0
0 315 138 183 26 24 30 16
555 133 789 0 52 0 43 0
79 36 430 3 39 0 35 0
104 23 486 12 44 3 29 4
10 144 204 345 57 18 30 4
164 0 500 50 71 4 33 3
480 77 466 0 71 0 53 0
85 0 96 29 30 11 20 11
169 51 136 0 31 0 32 0
97 116 8 98 7 26 8 23
733 237 453 0 54 0 30 0
567 245 667 0 63 0 32 1
805 107 442 31 64 2 35 1
583 292 571 0 71 0 36 1
880 115 452 23 42 1 33 1
763 258 599 0 76 1 42 0
490 86 434 0 42 0 39 0
516 43 168 0 32 0 44 0
757 146 573 0 73 0 45 0
153 932 202 262 55 25 30 9
1139 125 560 11 80 9 51 3
863 122 613 0 63 6 46 4
797 199 581 0 58 0 32 0
113 287 563 0 78 0 31 0
447 99 616 0 43 0 37 0
154 85 100 0 36 0 31 0
421 48 259 0 30 0 40 0
1230 351 577 0 69 0 38 0
1203 456 580 0 70 0 40 1
1623 143 676 0 74 0 42 0
1527 150 464 0 48 3 34 0
1195 0 261 235 51 9 31 0
25 1052 143 394 15 32 15 17
907 209 672 0 66 0 30 0
1144 566 579 0 68 0 31 0
1673 161 727 0 75 1 39 0
1926 210 736 0 86 0 40 0
1586 334 595 0 86 0 36 0
1092 294 664 0 89 0 43 0
900 216 669 0 71 0 35 0
991 167 715 0 73 0 38 0
815 454 674 0 80 0 45 0
1097 276 535 0 58 0 30 0
487 0 532 74 46 1 31 0
458 114 591 31 49 2 27 3
346 153 693 0 46 0 31 0
543 105 539 0 47 0 30 0
426 66 564 0 50 0 30 0
632 213 561 0 55 3 30 1
640 246 631 0 57 0 35 0
547 345 622 0 50 0 41 0
929 0 255 163 35 7 31 2
48 870 227 247 34 11 27 6
884 176 546 0 51 0 45 0
842 156 480 7 38 3 42 7
685 323 504 0 45 0 41 0
795 156 512 0 42 0 31 0
590 305 628 0 76 0 34 0
901 0 166 130 45 6 32 1
766 286 597 0 48 0 33 0
817 414 470 0 56 0 43 0
867 238 462 0 33 0 37 0
452 631 466 0 35 0 30 0
894 324 703 0 53 0 30 0
860 311 678 0 53 0 32 0
756 330 584 0 75 0 38 0
1076 346 683 0 99 0 33 0
1052 334 707 0 90 0 34 0
278 128 347 0 41 0 30 1
346 117 906 0 82 0 69 0
89 407 266 186 35 44 44 28
402 10 370 70 65 14 61 10
405 8 520 59 69 14 66 10
354 115 492 0 52 0 30 0
371 0 439 50 33 1 30 0
345 122 719 0 104 0 62 1
312 95 835 0 102 0 61 0
520 28 821 180 67 48 21 15
120 0 378 43 57 1 41 0
111 2 356 54 57 1 38 0
127 0 524 47 86 2 45 0
87 0 365 0 101 27 82 17
61 13 473 0 158 34 99 23
86 3 448 6 90 23 76 5
66 0 220 217 192 5 179 4
106 0 758 0 98 24 102 34
111 0 254 1 48 15 67 34
58 4 194 25 74 1 102 0
41 46 448 15 72 2 77 1
39 2 320 0 73 21 102 21
35 0 304 0 98 32 105 34
41 1 260 8 144 8 105 12
68 49 453 0 124 4 98 6
55 40 466 0 118 4 96 3
116 0 457 0 104 30 89 21
103 2 381 28 58 7 39 3
230 16 483 18 69 21 32 5
219 0 344 52 29 1 38 0
157 78 373 0 54 0 66 0
161 73 380 0 51 1 66 0
196 65 366 0 48 0 69 0
150 39 435 0 43 0 49 0
87 48 556 0 43 0 46 0
149 43 507 34 69 3 55 10
168 44 522 27 71 4 56 9
149 68 476 0 85 0 57 0
195 101 577 0 80 0 50 0
273 0 471 77 86 0 61 0
234 57 605 0 88 0 47 0
216 63 600 0 86 0 47 0
213 64 597 0 84 0 46 0
0 309 141 265 39 28 19 12
257 60 389 44 66 10 28 4
267 54 581 17 67 5 31 4
323 47 511 29 69 3 31 4
270 52 541 18 57 3 27 7
306 97 491 0 38 0 32 0
340 66 474 0 40 0 31 0
261 139 496 0 44 0 36 0
474 88 280 29 78 4 45 7
505 10 333 59 60 46 48 15
381 158 498 0 98 0 54 0
571 118 531 14 54 1 33 1
301 123 648 0 92 0 82 0
280 135 644 0 92 0 81 0
367 39 599 25 93 6 56 4
0 492 376 129 52 39 49 23
595 22 323 43 62 4 35 3
553 126 640 0 73 0 40 0
777 166 487 0 40 0 31 0
1421 722 684 0 63 0 43 0
711 174 454 0 33 0 32 0
279 279 536 0 61 0 35 0
409 214 705 0 70 0 37 0
190 87 485 0 57 0 30 0
82 258 451 24 59 2 38 0
627 12 351 107 46 20 28 10
802 0 495 48 65 21 40 7
463 78 737 0 68 0 58 0
386 264 702 0 73 0 49 0
373 263 705 0 73 0 46 0
491 79 665 0 66 0 37 0
470 80 674 0 66 0 35 0
679 111 454 0 54 0 48 0
432 98 660 0 73 0 42 0
425 86 679 0 86 0 38 0
395 111 776 0 95 0 58 0
307 59 536 0 64 0 33 0
339 0 411 54 53 0 30 0
166 138 455 0 49 0 30 0
1495 122 559 0 39 0 32 0
962 461 481 0 33 0 32 0
1336 558 460 0 36 0 47 0
0 1717 163 403 33 36 31 12
1370 395 720 0 69 0 41 0
1263 307 766 0 77 0 49 0
1582 695 541 0 73 0 45 0
990 364 599 0 58 0 35 0
1281 32 402 86 31 21 28 14
566 294 633 0 65 0 32 0
814 211 605 12 70 4 30 1
837 356 573 0 64 0 33 0
783 321 565 0 79 0 44 0
532 247 441 0 65 0 35 0
376 117 478 0 61 7 35 4
444 90 549 0 69 0 39 0
290 79 423 0 53 0 31 0
161 55 360 0 32 0 33 0
465 165 666 0 75 0 32 0
610 67 525 32 68 7 38 3
451 67 355 0 32 0 39 0
377 77 393 0 41 0 53 0
327 80 325 15 41 4 31 5
212 79 590 0 58 0 37 0
328 118 567 31 54 2 32 6
669 0 477 38 73 28 53 14
687 0 513 33 79 28 50 15
461 153 594 0 100 0 44 0
409 211 616 0 91 0 41 0
370 148 658 0 96 0 48 0
244 70 476 0 76 0 42 0
332 0 199 17 32 13 33 6
0 421 83 251 21 33 20 16
342 125 461 0 56 0 35 0
80 33 391 0 58 0 38 0
83 58 373 0 61 0 33 0
103 86 179 107 77 26 27 11
348 0 424 57 85 20 30 6
132 63 581 0 50 0 33 0
154 0 536 28 54 12 27 7
164 35 464 22 74 4 32 5
169 34 492 10 74 4 32 5
120 44 572 0 63 0 31 0
151 0 484 26 56 10 40 10
148 0 454 61 67 15 38 7
136 20 524 28 79 4 37 3
114 48 568 0 67 0 39 0
159 0 469 55 67 4 33 0
147 0 425 59 59 11 25 8
173 6 484 64 39 21 22 10
278 0 489 106 89 1 30 0
134 81 562 0 73 0 30 0
221 110 614 0 77 0 31 0
316 0 475 53 65 4 31 0
331 50 490 20 49 4 26 5
258 159 443 0 59 0 30 0
125 322 348 133 49 19 19 12
281 131 594 0 61 0 39 0
272 124 604 0 67 0 42 0
155 70 550 0 58 0 33 1
155 0 387 13 47 11 21 10
173 112 683 0 77 0 53 0
142 119 654 0 88 0 58 1
0 226 262 206 28 39 18 12
128 96 709 0 84 0 45 0
130 65 699 0 63 0 40 0
144 53 708 0 63 0 39 0
133 101 687 0 50 0 36 0
186 0 477 42 59 0 35 0
198 0 537 43 72 4 43 0
40 0 666 14 67 23 40 8
261 142 572 0 51 0 34 0
0 223 151 298 34 31 27 7
280 97 558 0 74 0 38 0
115 51 549 0 74 3 40 0
235 0 191 69 62 6 30 0
802 376 620 0 72 0 34 0
1288 142 516 0 50 0 31 0
521 864 517 0 54 0 32 0
554 259 584 0 61 0 52 0
301 249 344 28 73 4 77 15
338 341 626 17 72 3 39 8
731 0 547 89 50 1 32 0
417 111 574 0 34 0 30 0
10 468 428 61 26 4 23 7
427 109 639 0 46 0 39 0
5 390 452 51 27 7 20 12
5 1027 515 52 31 12 18 12
731 253 735 0 41 0 34 0
611 228 727 0 47 0 32 0
834 0 541 84 49 1 32 0
792 232 531 0 50 0 31 0
737 203 644 1 66 0 30 0
1218 74 733 7 72 24 25 16
623 172 547 100 64 23 20 16
1177 172 547 241 90 53 33 17
1086 351 695 215 89 67 32 21
978 248 309 534 52 80 18 27
892 451 211 1113 46 76 12 29
1924 157 477 0 69 0 38 1
965 1281 436 30 70 3 44 5
0 1303 346 70 55 11 25 14
753 644 366 0 55 0 43 0
1667 416 614 0 58 0 48 0
1569 124 479 0 30 0 46 0
1136 811 518 0 51 0 57 0
1977 253 626 0 89 0 71 0
1207 227 672 0 67 0 56 0
1252 180 760 0 97 1 88 0
1152 178 727 0 90 0 84 0
1031 175 698 0 91 0 94 0
475 0 549 85 86 3 106 0
135 238 602 36 80 5 90 13
674 102 616 0 78 0 76 0
329 506 496 28 87 0 62 5
698 258 608 0 51 0 48 0
664 166 603 0 51 4 33 4
257 549 525 37 80 4 43 7
961 609 677 0 96 0 37 0
1326 239 818 0 91 0 30 0
1251 259 505 0 60 0 31 0
1466 326 614 0 107 0 34 0
1309 0 621 85 67 19 33 8
1078 156 741 0 82 0 34 0
837 328 735 0 105 1 37 1
823 299 742 0 106 0 37 0
1306 133 847 0 96 0 52 0
1246 188 897 0 103 0 46 0
1381 206 869 0 110 0 54 0
1603 281 751 0 109 1 60 0
1625 284 745 0 111 0 64 0
1580 322 762 0 108 0 60 2
586 1196 624 12 91 5 45 8
1360 264 792 0 112 0 57 2
364 598 612 17 88 3 48 4
372 629 588 22 83 3 46 5
0 1015 513 41 70 27 29 14
499 95 705 0 91 0 47 1
750 128 767 0 69 0 47 2
1543 480 492 0 71 0 54 0
1245 190 583 0 73 0 44 0
1529 249 609 14 91 3 38 7
1614 844 688 0 68 0 43 0
1429 777 709 0 81 0 43 0
932 1343 639 8 107 5 38 7
1728 595 724 0 96 0 48 0
0 2337 530 40 64 30 30 18
0 2141 143 446 58 56 22 17
1642 221 767 0 95 0 34 0
957 512 810 0 78 0 51 0
653 275 812 0 56 0 34 0
692 118 770 0 88 0 43 1
728 233 752 0 65 0 39 0
707 222 738 0 62 0 37 0
703 229 756 0 68 0 37 0
667 422 758 0 75 0 32 0
772 231 704 0 106 0 39 0
16 977 101 417 59 48 22 10
871 131 900 0 95 0 35 0
873 104 964 0 90 0 31 0
725 254 932 0 118 0 32 0
953 198 779 0 124 0 30 0
794 135 787 0 114 0 31 0
569 169 808 0 120 0 31 0
598 191 908 0 116 0 31 0
495 157 828 0 98 0 32 0
787 0 597 64 48 14 26 6
578 0 527 73 50 0 34 0
490 98 680 0 49 2 29 4
498 103 667 11 50 2 28 4
310 91 684 0 96 0 35 0
422 84 759 0 97 0 32 0
387 55 461 0 62 0 31 0
246 819 208 1456 40 87 19 42
516 375 2328 407 140 81 59 47
1044 7 3119 177 141 43 71 18
353 336 223 1021 44 60 14 27
27 355 214 151 57 10 32 4
47 42 92 3 54 11 32 6
0 504 83 389 41 40 25 9
315 12 669 95 80 18 36 4
241 0 657 40 61 15 37 3
0 361 378 60 45 17 28 11
0 312 398 106 54 17 38 12
332 37 619 10 69 8 48 6
402 73 579 8 68 4 47 4
515 117 631 0 82 0 57 0
389 100 423 0 42 0 49 1
465 136 595 0 92 0 57 1
545 72 554 53 80 0 47 1
619 0 547 86 51 8 40 11
228 58 667 0 45 0 40 0
235 0 675 43 37 15 61 3
263 0 608 67 61 7 80 0
527 0 704 90 47 19 56 8
0 269 226 341 34 19 53 14
0 487 128 550 63 75 63 40
416 181 809 0 143 0 100 0
278 505 602 38 179 9 125 10
447 88 625 0 94 2 35 2
923 0 653 60 112 28 46 10
1026 0 704 74 89 50 57 19
547 12 668 19 80 25 47 19
256 123 504 97 95 22 53 23
238 84 216 285 78 43 39 42
229 70 294 295 101 28 56 24
93 132 1058 22 108 17 78 29
290 0 609 105 99 29 89 22
236 52 256 2 63 1 50 4
214 58 220 10 56 1 40 4
223 14 125 42 56 17 42 8
54 19 88 0 66 0 46 0
463 577 607 19 108 9 27 8
450 576 614 14 109 9 29 8
752 243 625 0 101 0 40 1
431 501 580 16 86 6 33 7
638 190 844 0 114 0 51 0
652 105 797 0 108 0 31 0
243 0 212 34 79 10 41 9
800 0 728 93 103 1 47 0
567 358 924 0 121 0 50 0
0 1117 700 97 69 33 17 13
755 16 684 80 61 23 30 10
570 418 566 15 83 6 37 6
930 160 745 0 61 0 39 0
508 294 832 0 58 0 34 0
674 151 794 0 68 0 32 0
698 180 809 8 72 2 31 0
1031 0 603 67 49 18 36 10
684 164 516 0 67 0 49 0
561 333 763 0 90 0 51 1
588 133 779 0 75 0 39 0
591 91 429 0 49 0 46 0
636 58 401 0 45 2 44 1
256 76 490 0 34 0 38 0
308 123 951 0 79 0 81 0
303 129 954 0 79 0 72 0
0 366 196 403 57 50 59 28
235 126 856 0 80 0 79 0
52 98 382 36 58 2 39 9
70 21 75 0 44 0 65 0
136 38 367 0 75 0 68 0
210 74 587 0 36 0 35 0
319 71 680 0 43 0 44 0
538 83 751 0 68 0 60 0
403 287 536 44 62 5 53 10
622 126 560 29 41 4 43 6
358 242 533 19 33 4 34 9
582 113 607 0 53 0 40 0
617 131 450 0 47 0 41 0
642 131 476 0 47 0 72 0
676 304 575 0 75 0 40 0
457 404 385 14 71 3 30 3
714 0 588 86 71 2 37 0
603 321 621 43 76 4 33 5
685 130 785 0 85 0 39 1
511 129 711 0 56 1 31 1
611 116 678 0 62 0 43 2
567 75 676 0 73 0 47 0
584 79 709 0 86 0 51 1
344 147 653 0 49 0 33 0
315 0 746 74 90 19 35 5
0 237 166 501 53 27 27 9
180 91 710 35 81 8 37 6
239 217 587 134 84 19 30 8
290 331 232 63 109 15 54 4
34 512 223 82 111 18 50 7
0 278 670 4 74 15 41 11
209 91 840 0 105 0 36 0
1217 138 834 0 111 0 34 0
804 133 815 1 95 0 33 0
685 101 753 4 93 3 33 3
797 144 709 0 115 0 42 0
318 105 406 0 45 0 30 0
809 114 449 17 65 5 51 3
340 287 440 20 71 6 27 8
431 215 569 0 87 0 62 0
772 146 832 0 95 1 38 0
814 23 710 82 73 13 33 7
938 149 784 0 88 0 44 0
750 328 603 0 114 0 43 0
807 212 587 0 114 0 41 0
781 194 728 0 125 0 46 0
958 151 670 0 140 0 51 0
703 552 548 24 142 7 35 6
464 265 876 0 104 0 31 0
951 0 1010 77 94 31 45 5
548 266 901 0 98 0 42 0
503 184 735 0 108 0 54 0
435 221 735 0 103 0 51 0
344 300 964 0 112 12 30 7
311 237 841 20 125 6 31 2
635 20 878 54 112 26 41 5
395 350 798 0 124 0 55 0
587 176 791 0 94 0 48 0
550 131 879 9 108 5 51 7
574 89 840 0 107 0 39 0
776 31 663 46 77 21 30 5
442 138 553 0 43 0 35 0
451 423 868 0 59 0 35 0
898 348 756 0 91 0 31 0
0 1660 374 403 61 22 22 8
798 1072 473 281 64 20 24 8
791 1021 439 327 50 23 21 10
1348 534 1139 0 79 0 36 0
489 506 461 284 66 34 35 9
611 471 563 133 72 27 33 7
974 218 1068 11 93 4 38 4
696 105 1063 0 84 0 60 0
398 104 702 68 54 6 31 0
620 106 786 12 72 8 56 0
248 83 153 0 60 0 41 0
459 170 572 0 68 0 43 1
539 265 483 0 55 0 37 0
664 0 436 57 76 18 37 7
518 134 725 16 56 0 35 2
537 86 770 7 65 0 31 1
275 304 633 0 69 0 35 0
702 126 724 0 80 0 35 0
716 132 655 2 72 0 33 0
706 136 697 3 73 0 35 0
870 0 577 80 74 11 33 2
2373 182 891 0 54 9 31 2
508 20 322 69 23 11 24 15
397 99 881 0 79 1 32 3
406 128 1020 0 109 0 42 0
329 87 913 5 77 4 33 0
340 77 843 7 96 2 28 2
274 121 847 6 102 3 30 2
0 357 125 216 40 53 23 14
344 90 363 0 51 0 31 0
352 0 439 46 65 2 53 0
176 520 762 21 64 16 24 7
300 410 543 36 93 10 29 3
631 178 727 12 95 2 31 0
149 238 490 16 48 2 26 4
473 0 514 56 52 10 31 4
557 58 428 0 71 0 40 0
0 683 128 280 25 27 27 15
653 86 582 0 69 0 34 0
308 384 604 0 71 0 33 0
106 606 459 37 53 22 22 8
445 43 519 23 74 6 30 4
584 386 660 0 65 0 34 0
682 384 664 0 46 0 32 1
532 0 595 47 64 28 23 10
1 274 128 259 32 65 18 38
466 0 436 56 63 17 26 13
900 0 729 244 125 75 75 24
531 344 2148 31 155 20 81 9
768 217 2588 0 188 0 101 0
891 0 495 369 86 50 51 23
1023 6 443 177 71 34 35 20
1152 357 737 0 90 0 35 0
850 329 853 0 126 0 68 1
1319 0 447 111 64 41 42 24
1235 2 386 146 55 56 31 32
1254 0 754 346 100 59 35 44
1198 0 648 298 78 55 30 42
1322 0 630 254 88 56 39 39
1069 387 1067 0 127 0 51 1
1139 433 548 0 67 0 33 0
0 2133 134 434 26 23 26 9
1283 601 775 0 72 0 36 0
1044 374 569 0 45 0 38 0
3 596 142 129 25 9 25 5
187 55 794 12 64 4 30 0
98 37 532 3 53 2 30 0
5 238 333 84 45 17 22 8
178 83 763 0 57 0 35 0
158 68 608 0 60 0 32 0
283 135 821 0 69 0 35 0
246 210 564 96 69 21 24 11
436 74 769 9 104 2 28 2
294 124 816 0 112 0 45 0
87 227 555 117 67 12 23 13
239 91 931 0 82 0 45 0
246 198 828 0 116 0 62 0
239 173 793 0 118 0 62 0
181 230 766 0 125 0 71 0
310 84 740 0 123 0 66 0
183 171 681 0 92 0 60 0
99 288 609 0 104 2 59 5
142 139 891 0 96 0 58 0
120 154 837 0 92 2 58 1
75 353 856 0 97 0 62 1
80 622 698 8 89 26 59 8
207 881 570 50 90 21 59 5
479 559 920 0 106 0 66 0
559 699 733 0 86 0 63 0
429 76 649 0 63 0 49 0
475 0 482 121 68 2 66 0
384 1 387 111 49 16 45 4
388 0 356 111 46 13 54 5
424 0 439 53 49 11 53 5
730 93 574 18 77 10 75 13
297 166 591 0 56 0 40 0
412 67 541 0 70 0 77 0
0 353 440 106 41 16 34 16
109 191 416 111 39 12 30 13
330 0 371 29 39 11 28 2
207 135 414 0 52 0 32 0
109 114 88 8 27 8 22 8
119 6 374 26 32 15 40 10
169 0 750 62 92 16 58 5
330 0 1637 110 162 38 52 29
45 81 283 1171 25 76 12 45
58 31 375 497 27 34 26 53
103 0 308 47 44 4 34 0
237 72 787 0 75 0 31 0
0 117 473 18 54 15 32 7
0 189 140 444 25 38 24 13
319 0 483 36 66 8 27 5
191 120 933 0 102 0 40 0
510 153 689 0 110 0 37 0
77 2 425 42 64 9 36 3
459 183 627 0 106 0 42 0
0 378 120 382 26 34 23 16
501 94 699 0 78 0 33 0
501 96 707 0 79 0 30 0
548 0 647 74 80 12 25 5
518 105 717 20 89 0 41 0
4 153 232 7 52 13 28 9
119 35 342 0 75 0 32 0
0 368 156 529 41 59 28 19
412 0 778 103 89 8 36 0
331 86 934 0 106 0 49 1
343 86 948 0 104 0 50 0
131 342 472 75 84 32 40 23
277 108 696 0 69 0 44 0
407 125 777 0 55 0 36 0
1339 0 401 82 36 17 16 16
349 163 674 0 81 0 48 0
482 77 579 0 46 0 42 0
465 89 563 0 49 0 38 0
247 152 415 0 38 1 40 2
51 122 12 230 2 29 4 29
479 67 205 0 51 0 52 0
139 141 407 7 84 5 31 3
194 86 645 0 53 0 39 0
725 120 652 0 64 0 68 0
530 270 714 0 83 0 66 0
290 417 356 110 39 12 36 13
297 403 342 86 35 11 35 14
413 259 727 0 70 0 44 0
180 250 591 58 60 30 44 23
523 0 624 75 106 3 72 0
605 0 633 65 71 25 49 8
505 0 732 63 76 4 42 10
19 204 532 26 59 14 38 10
0 97 439 5 70 0 42 0
260 55 624 14 97 0 63 0
678 0 509 89 81 2 64 0
547 150 606 0 73 0 71 0
389 202 755 0 81 0 47 0
393 187 742 0 110 0 63 0
571 1 638 65 82 16 53 7
584 0 650 53 77 18 54 7
454 99 750 0 76 0 66 1
396 0 700 86 109 3 77 5
441 0 585 77 73 35 45 9
0 405 92 830 47 96 26 32
373 0 378 238 90 51 40 17
331 0 497 144 78 37 25 10
256 113 1050 0 101 0 38 0
460 0 834 76 92 8 35 5
172 298 299 1025 64 107 30 37
36 578 299 820 95 125 52 64
249 30 423 217 132 47 55 30
145 50 382 65 98 57 58 25
520 39 827 137 102 21 86 9
769 277 1632 0 120 0 76 0
440 341 133 1045 35 91 25 50
513 189 439 337 58 37 33 24
639 269 1308 0 97 0 58 0
130 96 635 0 52 0 37 0
0 261 93 340 35 28 24 16
440 0 453 67 49 3 37 1
863 140 790 0 82 0 38 0
638 574 808 0 79 0 37 0
625 632 718 12 77 4 32 3
955 192 816 0 89 0 34 0
767 335 631 0 92 0 36 0
0 1471 248 47 23 14 24 11
467 902 492 67 62 22 33 14
994 418 709 0 79 0 46 0
1006 427 705 0 82 0 45 0
1151 156 547 5 64 2 32 1
1289 136 467 37 58 2 31 6
1335 105 592 0 64 2 36 2
994 520 580 0 88 0 35 0
791 251 612 0 52 0 42 0
686 346 628 0 46 0 40 0
466 80 608 0 58 0 36 0
678 186 669 0 53 0 35 0
546 321 516 0 97 0 47 0
213 558 459 5 46 1 42 2
1255 246 539 38 65 3 33 2
247 1027 383 65 40 24 23 14
1071 66 249 21 47 6 39 1
1957 259 455 17 78 4 48 8
254 145 515 116 47 16 25 5
273 175 509 69 70 12 31 2
398 52 556 55 67 8 38 1
317 103 611 0 85 0 41 0
257 112 638 0 96 0 33 0
266 332 558 42 65 2 31 4
360 221 747 0 65 0 32 0
383 228 606 0 60 0 30 0
361 0 492 61 41 11 28 4
385 0 580 55 62 18 36 4
286 458 431 77 45 22 25 8
699 133 561 0 48 0 32 0
499 212 517 0 53 0 45 0
533 224 574 0 50 0 44 0
651 125 510 0 78 0 68 0
607 0 454 70 62 1 50 0
641 233 571 29 39 0 34 1
733 300 518 0 46 0 31 0
351 79 467 0 41 0 44 0
388 163 744 0 66 0 38 0
173 310 650 35 61 3 57 4
525 0 539 48 55 11 49 9
372 152 734 0 54 0 40 1
411 1 586 44 66 16 41 6
363 91 785 0 83 0 57 0
353 0 611 38 54 19 45 9
0 335 132 492 20 26 36 8
132 339 448 84 58 19 30 5
478 70 408 0 74 0 54 0
393 59 389 0 74 1 55 1
428 63 383 1 76 1 54 0
0 738 218 106 28 31 24 21
265 261 213 129 49 24 37 22
700 139 1042 0 84 0 57 0
0 1061 53 563 31 54 17 38
1436 249 1422 0 105 0 65 0
95 1524 105 618 38 42 22 31
1036 260 859 0 74 0 47 0
752 374 248 206 41 27 27 17
782 498 316 226 68 18 41 16
1859 86 660 88 82 6 53 8
1543 142 913 5 101 1 54 0
1193 89 644 14 65 0 41 1
321 957 109 485 55 21 30 24
870 511 728 48 73 12 47 8
1488 234 863 0 57 0 36 0
1245 256 844 0 47 0 41 0
998 847 633 109 56 10 46 14
324 757 131 538 58 27 31 27
1093 285 897 32 70 7 45 3
1227 196 1055 5 62 2 38 3
1152 136 1115 0 58 2 37 3
882 116 903 30 71 5 29 1
855 204 1219 0 76 1 29 1
892 98 812 40 66 4 29 1
412 226 618 0 37 0 32 0
163 43 456 0 54 0 37 0
42 111 453 0 56 13 26 12
292 67 741 0 95 4 62 0
185 141 515 23 90 3 52 1
188 191 502 21 88 3 52 1
188 202 616 9 81 3 57 1
397 77 668 43 79 1 63 1
377 46 668 27 78 1 61 0
96 203 338 100 78 8 65 13
22 18 458 49 65 15 39 9
46 0 570 42 75 12 44 5
39 0 403 27 65 5 65 0
328 51 358 0 57 0 57 0
322 162 516 0 71 0 59 0
369 178 580 0 69 0 39 0
346 182 554 0 69 0 41 0
475 0 434 47 52 10 30 7
392 0 489 37 53 13 40 8
369 83 615 0 62 0 52 0
227 322 381 15 47 2 27 8
306 179 509 0 66 0 41 0
316 182 519 0 64 0 39 0
273 55 660 0 56 0 39 0
139 212 579 9 39 4 27 7
335 174 514 0 45 0 35 0
426 56 533 0 48 0 38 0
160 213 418 32 40 2 53 4
432 69 561 0 42 0 61 0
152 256 400 27 39 3 42 7
402 97 272 0 59 0 60 0
293 307 288 10 58 11 56 5
354 245 375 0 60 10 56 5
306 59 465 0 51 0 53 0
546 177 401 9 41 8 34 11
449 53 295 29 27 8 32 7
719 99 432 4 89 5 72 3
565 76 505 0 71 3 66 2
317 197 513 0 43 0 39 0
137 68 293 0 32 0 43 0
163 34 355 7 30 0 30 0
266 19 382 25 103 4 68 9
324 19 549 30 91 3 39 6
604 255 622 0 43 0 33 0
913 217 540 0 46 0 30 0
1326 172 605 0 47 0 34 0
1210 192 583 1 50 0 32 0
1409 202 712 0 57 0 31 0
0 1022 88 407 20 33 30 22
1268 188 698 0 53 0 41 0
989 82 382 0 49 0 36 0
191 218 388 30 45 3 30 0
174 383 324 70 49 10 33 3
725 121 746 0 134 0 46 0
414 303 439 30 123 5 45 4
875 0 537 0 54 100 23 28
837 9 532 0 39 95 17 32
1014 0 559 182 90 15 30 8
652 280 1404 0 165 0 63 0
670 109 613 0 79 0 30 0
1552 195 551 0 51 2 36 1
1611 0 235 112 27 9 31 2
1078 486 433 0 37 0 36 0
1200 379 424 0 35 0 34 0
677 204 807 0 88 0 40 0
1291 116 728 0 95 0 45 0
966 327 739 0 85 0 34 0
1362 363 846 0 101 0 49 0
1066 123 863 0 92 0 54 1
1103 126 868 0 102 0 60 0
1451 218 768 0 91 0 44 0
1147 378 663 0 81 0 43 0
1720 157 525 0 94 0 34 0
0 980 75 466 30 50 24 10
515 844 397 70 42 21 26 5
1224 235 633 8 101 0 32 0
1753 212 736 0 39 0 39 0
0 1527 390 41 27 17 23 11
0 1134 293 98 42 12 24 9
310 682 328 62 29 14 29 12
2092 2078 503 21 76 6 36 3
1410 1919 465 38 74 23 49 7
556 951 586 0 79 0 39 0
1425 413 677 0 67 0 44 0
798 177 347 13 41 0 46 0
1122 161 679 0 79 0 45 0
749 98 587 0 82 0 56 0
787 90 557 0 78 0 56 0
869 233 615 0 97 0 61 0
1168 295 630 0 66 0 32 0
534 516 482 7 34 10 29 8
0 1772 216 340 43 50 20 24
1127 208 547 0 63 0 35 0
917 400 810 0 66 0 30 0
607 173 1220 0 82 0 41 0
767 158 465 0 37 0 32 0
593 69 393 14 51 2 25 5
471 352 373 60 87 4 30 5
0 654 415 121 40 23 23 8
615 320 428 5 57 0 31 0
601 455 460 0 57 0 30 0
1230 453 289 0 51 0 42 0
1820 538 620 0 44 0 53 0
1251 189 653 0 62 0 53 0
1639 451 682 0 56 0 56 0
1869 99 446 19 31 5 27 3
752 372 265 585 76 62 27 21
733 549 1623 0 86 0 30 1
1192 147 962 0 75 0 31 0
1064 99 553 47 47 32 17 13
1115 203 812 0 97 0 39 0
1366 162 745 0 104 0 47 1
997 157 706 0 115 0 43 0
855 206 654 0 72 0 41 0
548 155 326 5 42 0 30 1
417 124 602 0 62 0 30 0
474 79 331 53 51 11 22 9
0 712 330 54 46 20 27 18
783 245 424 0 72 0 45 0
368 701 357 9 39 21 36 11
0 1013 316 55 38 10 29 8
840 114 443 0 61 0 42 0
843 105 446 0 61 0 48 0
832 95 440 0 61 0 47 0
0 1072 80 300 24 35 24 19
1190 110 590 0 70 0 34 0
903 343 564 0 72 0 37 0
439 886 245 69 39 15 28 7
936 320 543 0 41 0 52 0
972 262 551 0 57 0 49 0
540 149 681 0 56 0 33 0
404 111 680 0 80 0 34 0
408 100 687 0 83 0 34 0
123 247 271 77 61 17 21 13
256 0 240 44 56 23 28 10
2120 172 924 0 87 0 46 0
0 648 113 387 29 50 23 23
307 425 512 66 79 17 44 11
324 394 525 92 80 16 49 11
583 105 919 0 70 0 40 0
334 295 513 23 55 0 31 0
210 3 1075 41 104 31 28 5
315 68 1191 171 160 82 43 18
329 94 1185 244 167 80 47 21
160 15 621 92 94 17 36 4
93 2 176 14 106 16 24 7
188 1 332 9 60 45 17 17
198 4 372 7 59 45 20 21
294 111 432 0 57 0 33 0
431 0 485 58 43 0 33 0
0 456 80 466 25 47 27 12
497 46 534 27 88 6 29 4
632 111 683 0 76 0 31 0
718 58 655 9 61 5 37 6
572 87 579 0 98 0 52 0
530 188 568 0 87 0 41 0
623 237 488 0 51 0 32 0
823 190 507 0 47 0 48 0
818 353 507 0 86 0 40 0
751 304 542 0 88 0 45 0
1141 0 351 101 66 11 32 5
1069 100 563 11 58 1 29 5
436 779 429 75 51 19 23 11
231 124 547 0 77 0 41 1
289 0 479 48 31 5 25 6
134 82 571 0 60 0 39 0
403 0 446 66 38 12 30 6
0 366 91 339 17 23 25 11
626 110 553 0 52 0 30 0
1281 1012 509 8 44 0 34 0
672 70 505 0 53 0 32 0
434 197 583 0 70 0 51 0
443 200 592 0 71 0 52 0
580 96 494 0 76 0 43 0
735 0 323 72 49 7 38 1
297 201 686 0 83 0 69 1
498 168 536 0 74 0 91 0
726 62 489 0 72 1 58 8
788 203 410 0 45 2 55 2
544 546 587 0 69 1 41 3
858 274 706 0 72 0 48 0
358 703 384 72 32 15 16 16
563 239 560 0 41 0 38 0
0 1035 302 46 17 18 30 16
704 209 557 0 30 0 35 0
679 204 568 12 79 1 32 1
506 201 725 0 92 0 33 0
515 195 735 0 92 0 34 0
554 214 659 0 74 0 44 0
383 218 644 0 66 0 39 0
449 88 487 0 49 0 50 0
415 92 642 0 62 0 45 0
0 484 508 44 52 13 34 15
174 260 342 85 35 14 45 12
364 0 470 43 34 8 30 11
60 0 580 37 35 8 35 7
0 53 100 465 21 17 21 19
53 0 560 36 35 1 33 2
149 0 620 33 39 10 30 23
444 0 545 57 66 12 63 9
394 0 573 39 74 8 71 14
230 0 188 71 36 9 31 1
237 0 287 20 38 17 23 15
303 93 559 28 52 7 39 3
1588 236 1077 0 149 0 32 0
1024 177 673 0 61 0 37 0
1676 175 532 0 57 0 32 0
1059 864 639 0 49 0 29 1
1057 395 681 0 50 0 33 1
2010 305 522 0 78 0 33 0
1169 330 514 0 100 0 40 0
479 501 280 67 37 17 33 8
1153 0 396 85 41 12 30 3
1047 208 687 0 59 0 30 0
427 226 605 0 53 0 33 0
998 59 573 37 83 33 44 13
271 432 458 143 44 25 18 13
1009 129 757 0 69 0 31 0
438 308 766 0 114 0 35 0
440 312 747 0 105 0 33 0
286 191 784 16 81 2 36 0
261 195 928 0 80 0 34 0
286 364 524 114 58 21 21 11
442 269 875 0 108 0 37 0
0 682 491 159 89 26 29 12
709 0 680 66 98 17 37 6
579 140 775 0 81 0 32 0
419 335 753 0 83 0 32 0
415 223 861 0 83 0 32 0
329 396 601 80 70 29 30 8
0 705 119 683 29 53 25 10
525 142 966 0 114 1 32 0
0 935 94 515 38 53 18 12
285 182 566 86 115 33 44 13
315 197 1221 178 159 37 64 24
325 146 1156 134 145 38 51 25
303 180 1611 24 175 29 74 4
128 349 393 214 103 90 28 37
233 408 437 403 51 45 13 22
140 127 565 548 57 53 15 21
148 157 725 460 63 57 17 19
288 424 1442 810 140 117 43 50
437 663 1275 845 84 53 58 54
390 28 435 33 136 18 40 6
185 104 181 72 88 69 24 23
241 22 650 128 71 19 25 9
306 29 341 762 65 60 17 35
616 6 1379 142 135 52 52 14
470 22 676 342 135 26 31 17
481 12 972 128 108 44 35 10
289 39 813 18 98 18 26 8
268 41 223 0 48 0 35 0
0 660 167 296 40 26 25 7
0 686 156 316 43 37 26 11
587 109 789 0 102 0 45 0
352 95 811 0 88 0 43 0
294 124 728 0 73 0 47 0
336 81 748 0 62 0 43 0
0 353 313 130 64 37 37 24
190 340 422 61 46 23 45 15
275 97 641 0 41 0 32 0
618 0 411 69 75 18 30 2
376 58 523 38 46 3 31 0
269 775 570 136 37 18 28 3
405 74 889 0 50 0 30 0
512 86 760 0 37 0 33 0
21 688 180 586 20 31 16 17
519 235 994 0 55 0 33 0
265 600 474 66 36 14 30 8
519 168 684 0 80 0 45 0
505 75 696 13 86 0 45 0
542 161 737 0 86 0 34 0
687 230 645 0 81 0 59 0
709 0 624 65 74 23 53 9
582 0 628 95 87 2 54 0
721 0 572 53 41 14 25 14
794 90 621 104 89 35 33 6
713 220 1393 0 125 0 45 1
931 17 688 184 95 22 35 3
723 50 622 163 86 23 36 4
987 14 767 87 84 24 40 4
726 161 771 24 76 11 36 7
639 152 701 41 81 11 36 6
593 126 797 30 85 13 35 3
578 36 637 153 78 9 36 1
424 231 672 159 84 16 39 1
588 208 698 152 80 24 38 4
552 355 699 63 66 24 35 6
675 49 655 16 66 10 33 4
497 302 668 17 58 1 30 3
479 270 621 26 66 15 28 10
765 88 605 1 67 3 30 1
225 104 466 0 99 0 33 0
0 512 540 12 58 23 23 8
0 515 496 20 61 24 24 8
2390 192 722 0 103 1 54 0
2906 1614 640 0 81 0 34 0
1690 520 654 0 56 0 31 0
1153 825 460 0 44 0 37 0
668 154 538 0 70 0 33 0
672 150 557 0 75 0 35 0
438 403 662 0 86 0 42 1
536 485 766 0 105 0 49 0
435 81 760 0 91 0 58 0
0 756 102 507 49 85 32 23
608 161 665 0 123 0 53 0
478 130 737 0 101 0 60 0
649 228 726 0 130 0 59 0
504 201 714 0 102 0 44 0
644 52 421 17 49 3 42 2
256 125 571 0 74 0 32 0
335 294 571 39 67 11 32 10
832 277 589 71 83 28 38 9
673 316 835 0 91 5 45 2
778 143 549 42 72 12 40 11
513 298 593 27 59 11 29 6
1315 218 845 0 67 0 32 0
341 911 488 60 64 6 23 10
1314 208 745 21 65 6 24 8
1576 254 933 0 78 0 35 0
1173 472 659 43 93 4 39 2
1119 418 768 28 82 8 30 3
1245 465 720 36 83 9 30 3
308 1421 633 42 67 14 24 10
1989 180 959 0 88 0 37 0
1919 305 1072 0 105 4 37 4
1680 544 1083 0 96 0 43 0
2393 239 1289 0 115 0 52 0
2028 421 1264 0 99 0 45 0
1097 119 964 0 103 1 34 1
323 0 421 49 46 0 35 0
220 72 453 16 43 5 42 7
0 293 95 242 22 27 27 24
306 161 383 185 71 30 33 9
182 128 388 196 57 31 24 11
0 1078 411 380 43 52 15 22
457 485 282 471 65 66 25 23
538 139 498 256 105 57 43 20
0 679 90 1030 42 112 23 39
602 179 1366 0 136 0 33 0
812 182 893 113 118 24 48 18
337 240 617 90 59 25 42 8
688 99 1018 0 89 0 34 0
590 179 1154 0 83 0 43 0
139 226 681 50 58 17 35 5
232 110 948 0 58 8 30 0
248 113 910 1 56 5 32 0
359 0 770 100 44 12 33 6
0 348 176 440 28 47 31 10
448 55 642 14 88 16 38 3
405 74 687 8 98 19 38 2
498 71 646 36 98 22 34 2
858 140 810 22 135 0 36 0
726 0 806 79 79 22 41 3
431 562 561 265 85 45 34 3
467 613 509 321 97 37 36 3
324 656 630 193 93 38 34 4
1043 94 662 152 117 58 56 8
800 281 642 0 57 0 40 0
723 340 677 0 62 0 38 0
946 261 761 0 93 0 42 0
695 507 758 0 91 0 44 0
636 160 428 0 55 0 36 0
850 0 353 76 52 10 34 7
391 457 501 45 94 19 34 13
614 277 687 0 104 0 45 0
478 444 575 27 97 11 35 7
1089 289 802 0 82 0 33 1
963 110 843 8 124 0 52 0
721 369 866 0 124 0 61 0
974 0 698 88 71 36 48 2
714 441 905 0 113 0 51 0
0 1156 599 88 86 23 32 13
811 409 865 0 132 0 50 0
1412 338 760 0 140 0 60 0
1813 165 648 17 115 7 41 6
0 1837 133 463 36 65 41 15
1633 424 823 0 114 0 57 1
1281 359 774 0 88 0 31 0
1471 129 727 13 119 0 49 0
0 1651 131 513 44 82 31 18
1512 398 788 0 98 0 45 0
327 266 677 0 50 0 30 0
747 82 561 0 40 0 44 0
494 274 376 0 95 0 40 0
585 268 775 0 88 0 46 0
720 457 757 0 67 0 33 1
0 1156 149 465 24 36 20 15
0 190 348 19 28 23 27 8
181 1 330 60 54 6 27 12
191 0 302 78 52 6 27 13
283 311 633 49 117 12 54 6
489 247 827 0 128 0 44 0
0 742 107 636 32 85 23 22
732 0 702 79 82 25 39 2
0 653 471 204 85 38 29 15
670 179 687 0 51 0 34 0
73 17 205 9 63 0 37 0
35 59 211 10 60 1 37 0
1072 158 767 0 90 0 44 0
1308 338 712 0 83 0 37 0
954 218 686 0 70 0 48 0
697 320 702 0 70 0 39 0
1047 213 701 0 47 0 37 0
560 469 710 0 56 0 46 1
929 180 604 0 47 0 34 0
1039 219 727 0 66 0 32 0
524 141 494 0 59 0 32 0
0 579 589 0 61 20 29 7
102 26 271 6 72 11 33 10
175 0 218 25 68 12 37 7
114 11 303 2 61 12 32 8
769 175 778 0 101 0 39 0
807 177 797 0 98 0 39 0
0 443 650 7 58 11 36 8
572 228 732 0 82 0 46 0
589 0 512 58 63 11 33 9
774 296 690 0 88 0 37 0
1367 505 522 0 99 0 39 0
1049 403 732 0 89 0 30 0
593 154 754 0 71 0 30 0
636 216 739 0 78 0 30 0
0 931 111 521 21 58 15 18
742 191 843 0 83 0 34 0
56 338 1083 232 86 53 34 9
707 0 560 97 76 1 34 0
693 254 528 0 105 0 32 0
0 2191 528 82 65 16 29 12
1623 522 775 0 91 0 33 0
1540 480 729 0 94 0 41 0
1266 458 716 0 95 0 48 0
1299 126 1037 81 73 34 20 14
759 70 398 13 38 2 30 1
0 1080 490 32 41 11 20 10
680 346 644 0 62 0 30 0
791 229 684 0 64 0 30 0
684 142 606 0 58 0 43 0
596 299 579 0 79 0 38 1
704 173 659 0 88 0 45 0
401 660 448 107 52 16 34 7
0 1101 81 513 22 54 15 20
514 334 427 0 45 0 42 0
244 266 340 0 32 0 54 0
399 193 436 0 63 0 66 0
252 322 442 65 62 24 67 24
289 0 381 41 38 11 44 6
123 45 477 0 38 0 62 1
1018 280 452 16 40 15 23 9
1168 288 620 0 49 0 41 0
0 942 394 54 70 23 22 10
309 202 590 0 73 0 36 0
336 154 567 0 65 0 52 0
0 394 67 276 18 47 15 26
213 160 637 9 61 10 30 12
612 186 799 0 67 0 57 0
384 179 603 0 59 0 33 0
588 179 553 0 81 0 38 0
631 0 376 71 51 2 41 0
648 204 631 0 52 0 36 0
675 207 686 0 55 0 33 0
0 900 50 493 21 55 11 29
671 205 670 0 87 0 40 0
573 116 681 0 77 0 34 0
600 220 648 0 88 0 43 0
1310 249 575 0 48 0 36 0
1446 116 551 5 59 0 49 0
959 366 538 0 68 0 32 1
1300 112 524 3 63 0 42 0
645 395 655 0 64 0 38 0
657 367 636 0 61 0 35 0
1826 464 489 25 53 8 34 3
931 78 262 3 66 3 49 5
828 112 536 15 81 4 26 4
860 148 234 218 23 11 22 13
1407 155 841 0 33 0 33 0
0 1050 214 224 52 27 22 15
833 202 474 0 55 0 30 0
804 187 525 0 51 0 30 0
776 88 549 0 59 0 36 0
776 195 435 0 38 0 47 0
330 697 428 42 34 16 30 12
496 725 335 24 29 15 29 16
717 190 517 0 36 0 42 0
704 207 518 0 38 0 32 0
623 108 628 7 50 1 38 0
760 373 596 0 55 0 34 0
889 405 549 0 77 0 58 0
1071 230 561 0 72 0 58 0
909 196 597 0 81 0 52 0
626 177 416 0 52 0 31 0
804 310 473 0 62 0 39 0
1879 174 734 0 129 1 38 0
0 1552 70 468 23 47 20 26
1701 751 606 0 79 0 43 0
1987 654 619 0 75 0 48 0
2062 615 518 38 72 12 36 6
1834 758 689 0 93 0 50 0
1168 1748 464 86 62 23 36 14
1780 565 690 0 76 0 45 0
1163 1862 414 71 48 32 33 14
2301 380 644 0 79 0 43 0
2933 293 535 24 76 4 39 2
1786 473 633 0 110 0 46 0
1142 289 595 0 64 0 47 0
1303 134 573 0 67 0 36 0
0 951 178 232 21 14 24 14
571 80 634 0 58 0 30 0
1087 201 564 37 86 20 29 2
931 321 708 0 127 0 34 0
1015 142 665 0 120 0 46 0
1184 262 536 49 85 28 37 7
709 910 374 93 70 37 23 12
1008 466 578 0 110 0 40 0
711 242 508 0 65 1 34 0
377 549 280 77 39 16 23 11
121 64 442 0 61 0 38 0
70 37 290 0 32 0 31 0
199 64 501 0 70 0 89 0
130 30 402 37 54 14 60 3
126 71 558 0 57 0 59 1
0 307 150 172 23 34 35 21
372 6 407 35 32 17 25 14
138 66 390 29 39 3 35 3
118 363 530 0 44 0 31 0
357 18 497 46 47 4 27 6
435 0 545 51 30 13 31 6
338 48 480 215 40 12 25 14
316 57 471 153 37 6 22 11
321 48 478 17 36 4 24 6
511 15 492 87 36 11 29 8
257 133 311 210 29 17 25 14
101 139 216 94 25 12 31 21
412 67 593 0 37 0 34 0
394 78 629 0 40 0 32 0
292 107 449 0 43 0 38 0
313 120 596 0 47 0 44 0
343 96 610 0 50 0 37 0
388 127 562 0 56 0 40 0
609 0 308 71 43 1 31 0
1470 323 410 3 87 0 35 0
864 1027 258 43 41 5 23 11
1061 675 423 0 39 0 34 0
465 169 544 0 53 0 52 0
1079 484 611 0 67 0 35 0
1247 271 606 0 73 0 41 1
1247 522 614 0 86 0 42 0
1230 679 642 0 94 0 35 0
142 1634 489 61 59 26 25 14
1642 130 640 0 87 0 42 0
1091 603 613 31 43 14 23 7
82 825 480 53 66 29 35 10
793 71 493 0 83 1 46 4
501 313 490 0 79 0 54 0
0 669 167 314 16 35 24 17
0 687 162 314 15 34 23 17
842 195 576 0 70 0 33 0
748 175 564 75 42 8 31 2
149 119 236 25 55 9 26 5
405 143 634 0 87 0 30 0
0 570 104 427 21 67 19 17
365 139 659 0 63 0 48 0
575 192 393 85 60 11 28 15
661 91 343 0 43 0 30 1
1713 105 470 53 82 11 22 8
1997 664 767 0 90 0 35 0
926 574 626 3 84 11 32 4
255 2224 376 89 69 33 25 8
2050 263 737 0 100 0 33 0
1081 96 506 0 83 0 34 1
1117 184 551 0 50 0 30 0
575 114 931 7 50 4 29 6
469 187 1031 0 100 0 44 0
251 68 450 0 33 0 33 0
443 144 571 0 79 0 36 0
151 158 433 81 50 24 26 12
140 28 218 0 51 0 35 0
90 138 528 17 57 20 25 7
152 251 411 22 55 12 26 5
490 192 596 0 72 0 29 1
555 159 721 0 75 0 39 0
643 0 588 76 80 3 42 0
874 86 598 0 95 0 36 0
855 81 550 6 100 0 39 0
670 294 582 0 97 0 46 0
586 218 649 0 86 0 40 0
765 766 390 60 78 30 27 7
1434 146 672 0 112 0 41 0
1413 151 682 0 116 0 43 0
922 577 635 0 90 0 36 0
1494 135 570 15 84 0 31 0
882 479 636 0 75 0 36 0
772 343 601 0 88 0 37 0
1105 105 620 0 112 0 53 1
1133 99 603 6 105 0 50 0
745 73 495 7 54 3 28 6
404 179 703 0 70 0 54 0
0 567 426 93 57 15 43 17
391 166 672 0 70 0 54 0
440 220 719 0 66 0 40 0
479 192 651 0 66 0 43 0
654 519 440 0 61 0 32 0
973 132 604 0 71 0 29 1
847 82 537 0 58 0 34 0
529 211 705 0 75 0 35 0
400 299 582 43 54 16 30 9
566 101 503 0 47 0 32 0
471 52 544 4 33 3 33 0
390 55 469 0 52 0 29 1
282 361 390 0 43 19 24 6
529 227 588 0 37 0 35 0
917 96 636 0 85 0 30 0
902 95 634 0 84 0 30 0
889 89 645 0 82 0 31 0
1082 0 564 68 50 27 24 11
0 1046 99 497 17 81 10 39
743 191 670 0 93 0 43 0
414 632 545 83 76 30 41 13
391 185 326 0 62 0 76 1
417 33 166 178 47 58 67 70
390 41 214 289 45 72 62 88
239 0 551 44 46 5 58 5
177 1 606 34 63 6 56 14
171 8 612 19 95 16 95 10
113 13 294 4 70 12 92 12
394 49 309 0 66 0 30 0
234 59 492 0 37 0 30 0
0 444 268 555 35 43 14 30
568 381 1225 5 119 13 85 15
490 376 1223 9 117 13 85 14
476 87 850 75 38 7 49 13
571 257 1198 0 62 0 71 0
588 106 851 6 43 8 43 7
543 68 935 27 66 11 65 8
593 96 705 5 39 6 83 11
606 65 680 13 43 4 90 8
660 82 644 35 41 6 86 10
0 218 149 160 26 23 36 26
0 215 199 98 24 22 34 23
263 52 585 42 50 6 69 4
63 219 361 116 43 52 33 45
665 0 640 144 107 50 60 33
315 176 1157 0 111 24 57 10
189 348 609 115 70 25 27 8
473 129 1035 7 79 5 43 1
63 305 553 247 50 41 20 12
1456 553 914 0 80 0 33 1
1178 201 716 37 36 9 26 5
2768 836 1201 0 93 0 31 0
661 1379 1086 16 95 5 33 3
1852 454 1070 0 71 0 33 0
2320 0 305 318 92 37 28 22
1788 258 1158 0 106 0 39 0
2270 0 372 279 69 37 26 14
2396 0 346 270 68 36 26 14
1550 238 1242 0 71 0 40 0
0 1588 278 323 40 44 22 13
784 179 794 11 49 3 27 3
653 282 648 0 45 0 33 0
2031 923 614 0 68 0 32 3
1969 911 580 0 74 0 36 2
2921 272 580 6 68 0 33 0
1571 1649 449 43 53 16 23 9
1146 132 681 0 41 0 30 0
0 1246 157 266 35 20 17 14
764 269 579 0 91 1 34 0
0 734 451 28 41 15 20 11
0 712 94 404 8 34 11 19
735 100 625 0 56 0 32 0
371 103 557 0 62 0 36 0
445 151 576 0 71 0 45 0
439 41 580 16 31 4 28 6
504 90 479 0 100 0 30 0
518 0 335 60 82 0 30 0
640 186 636 0 78 0 34 0
534 61 421 0 69 0 33 1
291 36 368 7 65 1 32 0
266 293 410 55 44 10 25 8
606 0 462 74 46 1 33 0
240 106 429 20 75 6 28 5
0 509 184 220 46 42 23 11
277 337 483 19 68 27 29 9
459 150 638 0 91 0 46 1
510 88 659 0 82 0 45 1
57 532 438 57 58 12 21 12
667 0 512 87 58 2 53 0
637 102 695 0 95 0 61 0
492 86 607 35 52 10 32 6
703 0 535 75 79 1 55 0
759 106 610 47 60 17 45 4
514 332 708 0 82 0 52 0
736 191 728 0 82 0 44 0
949 127 590 61 57 14 30 3
1165 174 505 0 46 0 32 2
1231 101 540 0 48 0 30 0
1117 197 407 71 37 10 23 7
569 519 397 27 41 18 23 12
0 939 89 451 22 41 13 22
676 307 597 0 57 0 32 0
649 264 500 0 70 0 35 0
782 78 598 0 43 0 41 0
632 234 597 0 51 0 42 0
461 168 428 17 28 3 26 6
1182 455 584 0 58 0 55 0
527 486 414 103 35 13 27 13
1302 175 757 0 90 1 30 1
1350 249 789 0 87 0 30 1
1521 117 722 12 95 0 36 0
1416 269 679 0 33 0 35 0
2230 816 662 0 63 0 30 0
2790 266 401 0 39 0 36 0
1929 665 296 8 37 8 49 8
3899 374 475 0 33 0 39 0
865 226 445 0 47 0 48 0
727 106 437 0 30 0 37 0
2829 189 629 0 90 0 30 0
2835 181 602 9 81 8 28 2
529 105 509 36 54 2 31 2
623 131 596 72 53 15 34 5
873 132 592 27 40 9 31 4
428 361 496 56 46 15 25 8
707 48 544 20 58 5 29 1
560 83 470 42 45 11 38 3
520 116 580 0 59 0 38 1
520 58 594 68 48 8 47 2
282 57 608 0 67 0 55 0
774 258 565 0 94 0 69 0
858 87 493 0 83 3 61 0
694 289 505 0 64 0 36 0
405 118 611 0 79 0 39 0
374 60 610 6 90 0 47 0
261 112 442 32 62 10 27 6
247 106 506 0 59 0 36 1
0 358 203 151 35 26 29 8
126 145 445 0 60 0 30 0
218 166 404 53 49 15 28 8
220 175 399 74 55 21 40 15
0 330 132 262 54 43 40 25
149 123 542 49 54 31 57 9
0 127 136 136 44 37 44 19
94 46 399 0 75 0 59 0
144 5 280 13 44 17 37 6
54 3 217 11 45 6 39 6
261 119 553 2 32 0 41 0
432 0 357 36 38 7 25 7
482 63 600 0 42 0 32 0
523 0 472 82 44 0 31 0
0 1730 319 493 21 33 7 25
1756 170 1172 0 53 0 32 0
233 1673 314 364 15 19 15 19
275 1343 339 339 15 18 15 18
258 137 417 21 32 3 35 4
434 241 548 30 79 12 41 4
350 1408 375 284 43 33 22 14
330 1457 366 248 33 32 17 14
980 142 728 4 78 2 62 1
1309 241 730 0 111 0 67 1
669 115 913 0 59 0 48 0
287 151 689 0 53 2 33 1
467 0 284 17 55 28 29 14
438 56 513 4 89 0 50 0
755 0 314 110 51 46 35 25
976 0 1219 106 113 56 56 24
984 123 1809 88 185 27 101 7
1383 0 616 402 47 97 26 58
1526 0 979 449 113 108 42 69
880 161 196 1451 61 164 29 88
970 227 2924 0 221 2 118 1
1152 142 853 0 59 0 41 1
1331 120 769 189 36 27 23 27
1162 11 669 75 52 14 28 11
647 92 538 0 40 0 41 0
615 91 535 0 40 0 40 0
1910 275 679 36 56 10 33 4
240 33 230 6 81 1 34 0
178 69 470 12 42 0 53 0
482 82 589 0 63 0 44 0
404 61 549 0 83 0 38 0
383 160 856 27 65 11 29 5
140 905 282 452 32 49 14 24
138 917 160 678 36 53 14 25
200 922 230 583 44 86 15 36
709 81 305 0 44 0 31 0
707 140 281 0 33 6 34 4
1065 77 292 11 28 7 40 1
1101 113 298 0 36 0 41 0
153 112 78 2 29 2 49 0
123 147 74 8 31 2 43 6
281 219 117 0 47 0 52 0
423 73 117 0 42 0 50 0
121 309 159 0 46 1 56 0
316 58 163 0 48 1 54 0
277 30 163 0 54 0 51 0
337 11 156 6 50 4 37 18
320 36 166 0 47 0 52 0
262 273 176 8 38 11 35 21
543 51 183 1 41 8 54 3
655 83 188 0 45 6 51 1
855 105 217 0 31 0 31 0
690 833 374 0 23 8 35 0
634 648 340 10 27 4 27 8
1151 96 363 0 30 0 32 0
90 1168 24 307 8 27 4 28
1182 124 387 0 32 0 31 0
1124 156 401 0 32 0 30 0
153 1137 397 0 33 0 31 0
820 279 390 0 34 0 31 0
189 1710 319 8 76 0 24 10
1647 113 356 0 62 0 36 0
1488 182 356 0 63 0 37 0
1479 170 341 0 60 0 32 0
1411 689 317 0 60 0 31 3
87 0 50 14 28 11 34 3
94 0 41 23 27 10 34 4
90 5 41 20 27 8 34 3
145 84 208 0 48 0 37 0
79 202 202 7 47 0 22 9
140 509 404 0 62 3 17 13
1500 0 164 127 25 6 38 1
1152 201 363 0 36 0 30 0
1539 174 317 0 43 0 30 0
1735 151 329 0 44 1 29 4
1958 203 333 0 46 0 31 0
1923 278 335 0 44 0 33 0
1998 208 362 0 48 0 31 0
2396 178 396 0 36 0 30 0
687 1682 413 0 50 2 30 1
2001 332 353 39 71 0 32 0
1630 206 325 0 74 0 32 0
1324 346 318 0 74 0 31 0
1189 293 296 0 78 0 29 2
302 822 2469 2 70 1 65 4
2591 185 328 0 49 0 30 0
2540 207 333 0 54 0 33 0
2423 228 338 0 55 0 30 0
1041 206 393 0 49 0 31 0
950 89 422 0 44 0 33 0
601 289 458 0 35 0 30 0
665 689 296 12 37 19 31 0
1175 130 457 0 60 0 31 0
459 633 26 321 24 41 16 16
1194 286 320 18 37 2 29 1
1186 255 355 0 40 0 31 0
232 303 407 0 39 2 22 11
10 552 353 10 37 3 21 11
0 541 352 0 30 4 17 13
1196 154 96 264 22 31 4 30
978 455 427 0 52 0 30 0
350 393 302 12 49 0 33 0
93 953 17 351 7 52 4 37
1004 155 295 81 39 0 33 0
1024 169 443 0 45 0 32 0
1394 106 418 0 68 0 35 0
1384 136 421 0 60 0 41 0
742 617 327 99 52 2 36 4
1009 214 431 0 56 0 37 0
915 260 457 0 75 0 45 0
1260 164 345 79 75 3 25 19
865 450 447 0 68 0 50 0
356 659 106 246 23 41 3 39
198 857 124 243 23 35 3 34
502 670 153 211 24 33 4 31
1346 0 35 392 13 34 8 26
259 612 27 245 11 39 2 31
610 242 283 0 49 0 30 0
1392 178 260 78 36 18 28 2
1460 389 270 73 31 6 27 4
1559 270 361 0 35 0 31 0
3070 260 345 0 67 0 51 0
2139 1163 346 0 73 0 49 0
2429 619 349 0 81 0 41 0
2313 304 365 0 77 0 42 0
2253 408 365 0 74 0 43 0
2016 190 429 0 67 0 36 0
95 1690 246 132 27 33 16 17
1434 280 425 0 65 0 39 0
518 1035 210 86 30 34 16 22
284 1675 35 255 41 49 14 31
922 903 296 9 49 2 29 1
957 217 292 0 47 0 38 0
1141 184 284 0 44 0 33 0
1163 151 292 0 48 0 35 0
1106 190 320 0 48 0 37 0
1308 141 346 0 36 0 30 0
1054 512 348 0 31 0 30 0
1501 130 340 0 41 0 31 0
1405 97 340 0 42 0 32 0
866 590 346 0 45 0 31 0
926 151 322 15 30 1 35 3
714 176 364 0 30 0 33 0
614 750 266 18 44 1 44 2
574 294 268 10 43 0 47 1
757 127 276 5 43 0 47 0
739 62 244 8 38 0 30 2
588 193 256 0 38 0 34 0
1406 35 213 65 34 12 43 2
983 438 294 0 49 0 39 0
1294 121 267 0 60 0 33 1
1253 163 273 0 58 0 35 0
1160 295 273 0 59 0 34 0
650 657 11 235 25 29 15 21
1282 215 337 0 55 0 33 0
998 478 235 102 27 28 8 26
1277 234 383 0 57 1 39 0
1120 341 375 12 60 2 39 2
1302 103 434 0 60 0 33 0
909 323 460 0 55 0 37 0
947 287 438 21 55 1 38 1
947 168 438 17 50 1 39 0
804 145 441 0 55 0 40 0
780 128 271 0 48 0 34 0
524 195 255 10 45 1 34 1
441 551 96 146 32 19 30 9
838 112 273 0 49 0 39 0
1356 127 257 0 37 0 30 0
1123 248 365 0 33 0 30 0
664 554 105 292 10 23 23 11
817 475 96 355 13 25 22 13
1174 92 489 0 37 0 36 0
941 256 105 349 16 35 24 17
819 133 518 0 50 0 41 0
611 417 489 0 57 0 38 0
507 1025 383 0 52 0 46 0
426 1122 299 68 34 13 8 36
1 1746 183 69 23 16 4 28
1451 406 242 0 47 0 42 1
1653 107 233 0 48 0 57 0
900 228 223 0 46 0 57 0
1513 162 192 10 45 1 49 2
1617 165 203 0 46 0 51 0
1896 126 217 0 44 0 53 0
1796 174 250 0 65 0 55 0
1832 210 265 0 65 0 55 0
1834 195 338 7 63 0 38 0
1832 212 347 0 61 0 40 0
1757 223 347 0 60 0 36 0
1368 639 340 5 47 0 34 0
1219 709 346 0 52 0 39 0
1879 229 370 0 51 0 33 0
654 252 370 2 64 0 31 1
765 277 363 0 70 2 24 30
941 167 351 5 84 0 59 0
953 99 380 0 72 0 51 0
576 148 456 0 58 0 44 0
328 415 419 53 60 9 21 19
887 80 482 0 66 0 43 1
705 265 482 0 63 0 38 0
843 83 480 0 67 0 43 0
828 29 378 40 64 12 35 19
689 102 395 0 55 0 50 0
414 222 363 34 47 6 31 14
272 245 382 0 56 0 57 0
267 183 361 4 53 0 66 3
554 86 343 0 59 0 69 0
64 718 304 26 60 7 40 23
805 91 343 0 49 0 44 0
719 141 334 20 44 2 30 15
659 90 313 0 35 0 32 0
601 59 309 0 40 0 36 0
283 25 313 19 30 1 22 13
168 69 330 0 36 0 34 0
158 26 306 18 39 3 26 7
111 72 325 0 45 0 39 0
136 70 302 21 39 2 27 13
148 136 317 0 47 0 43 0
265 76 320 0 44 0 42 0
328 46 330 0 45 0 47 0
781 105 420 0 42 0 48 0
756 114 342 0 39 0 30 0
920 106 281 0 43 0 33 0
673 1 257 23 36 9 13 19
429 129 248 23 33 13 11 20
549 49 263 0 49 0 31 0
777 161 323 0 34 0 33 0
347 398 185 126 23 23 26 9
57 571 179 99 29 24 25 8
732 90 397 0 63 0 34 0
503 170 166 16 31 1 33 0
503 169 172 17 34 1 32 0
614 101 362 0 52 0 32 0
435 224 101 200 24 26 27 3
296 290 130 189 18 27 25 5
244 347 109 215 18 24 26 5
846 101 379 0 44 0 37 0
717 235 347 13 37 2 36 0
861 122 369 0 32 0 35 0
772 249 352 11 35 2 37 0
851 88 372 0 47 0 31 0
441 510 25 346 17 31 18 14
627 304 371 9 52 2 32 1
526 155 352 7 39 2 30 0
416 223 196 120 46 8 19 14
1007 233 438 0 77 0 41 0
792 623 404 0 72 0 38 0
913 86 558 0 50 0 39 0
850 116 320 0 59 0 32 0
1004 78 338 0 40 0 32 0
1133 0 128 138 49 7 29 1
948 0 144 254 43 12 29 1
206 336 395 0 55 0 33 0
686 0 168 255 44 8 31 0
601 123 369 0 49 0 35 0
187 182 427 0 40 0 35 0
473 166 392 0 55 0 36 0
474 96 395 0 57 0 35 0
466 129 365 0 61 0 32 0
330 0 412 33 93 24 25 6
15 196 186 180 20 83 3 29
718 0 2095 194 198 42 108 17
233 41 947 158 54 55 13 21
220 38 861 191 54 54 11 21
379 69 1465 60 85 68 27 23
559 41 1181 169 115 98 37 28
550 30 194 448 38 132 7 48
662 0 825 91 159 32 46 6
569 2 409 336 68 127 12 46
365 197 1458 0 195 0 67 0
618 0 769 133 135 44 45 13
438 19 660 209 75 111 16 44
378 6 565 46 70 23 16 15
416 0 580 38 71 30 15 18
514 0 569 49 78 36 21 16
463 28 136 608 33 114 9 38
430 42 919 63 114 21 37 9
292 89 220 481 35 82 9 29
494 64 90 1024 40 112 7 39
241 506 1886 0 189 0 61 0
126 864 126 1207 38 166 10 53
674 118 368 1015 64 179 18 64
979 0 1496 144 177 58 51 43
138 96 397 20 28 60 8 23
183 55 593 0 117 0 40 0
229 317 842 0 252 0 127 1
164 171 749 0 113 0 86 0
148 166 742 0 110 0 82 0
16 192 349 42 25 80 11 36
945 63 432 62 47 130 9 40
772 177 1607 0 239 0 98 0
1218 0 720 180 161 62 84 15
740 58 615 58 159 45 59 21
619 110 648 56 160 47 58 19
159 122 327 0 121 0 49 0
153 107 292 0 58 0 35 0
380 58 306 0 70 0 44 0
40 439 261 0 66 0 30 0
54 404 253 0 65 0 44 0
251 104 213 0 43 0 30 0
53 469 294 0 66 0 34 0
52 4377 304 1719 39 215 19 142
1187 310 1717 93 125 56 75 45
3535 682 4219 55 193 22 134 16
1990 419 1210 65 172 40 94 13
134 170 166 2 41 36 21 33
117 194 202 0 96 12 62 10
119 189 243 0 126 44 82 33
386 0 255 0 146 45 79 33
591 4 260 0 121 42 68 27
408 578 515 0 125 0 71 0
905 3 659 84 177 58 92 42
572 421 1138 0 207 0 118 0
558 439 592 76 135 34 67 25
679 266 82 400 40 31 14 24
221 161 724 0 102 1 30 0
75 169 148 294 37 97 12 22
236 203 850 0 134 1 36 0
598 189 154 357 34 122 9 23
78 0 750 0 56 48 25 135
330 0 3640 244 204 38 203 29
236 162 4377 126 190 15 206 28
40 945 1097 186 151 93 75 41
2972 465 5414 0 228 4 202 14
344 807 4046 27 111 109 113 117
2519 357 2385 240 186 52 186 55
20 28 27 773 40 49 15 24
0 71 80 596 32 67 14 39
191 523 921 1135 206 35 128 25
311 3988 3375 376 187 46 172 44
1898 259 4631 46 208 37 183 32
2892 764 5179 0 246 0 223 0
878 2992 4581 4 228 14 191 35
16 478 222 0 51 0 30 0
14 444 272 11 84 16 28 20
482 2 231 37 80 6 54 6
397 3 947 33 221 29 195 32
1218 0 233 81 44 13 23 14
1385 0 192 176 47 30 25 24
1435 0 239 133 50 38 22 30
115 759 345 0 136 1 120 0
1045 0 328 62 78 46 42 29
796 133 907 0 216 0 103 0
767 201 444 0 86 0 30 0
73 459 335 0 160 0 114 0
168 78 341 0 105 0 113 0
305 48 216 17 29 6 49 7
14 402 198 0 48 0 57 0
96 0 389 25 28 4 36 1
52 37 393 0 50 1 39 2
18 57 352 0 38 2 43 0
42 54 290 0 38 0 37 0
91 46 243 0 50 0 31 0
21 109 227 0 46 2 30 0
23 18 204 0 48 0 33 0
22 74 153 0 43 0 35 3
77 563 255 0 49 0 55 0
28 85 314 0 31 1 31 0
624 5 150 142 55 26 38 14
480 1 76 285 36 26 29 10
194 10 77 199 40 30 29 17
90 6 99 21 36 24 27 12
15 73 173 0 61 0 34 0
111 0 98 8 44 15 26 9
81 5 330 22 41 2 26 4
263 10 243 77 55 15 18 17
341 1 269 39 49 20 23 12
49 263 533 0 74 0 34 0
202 119 242 12 26 29 21 12
284 593 311 9 49 17 32 8
200 217 301 0 36 7 27 3
177 109 411 0 38 0 32 0
151 115 538 45 46 12 30 3
831 59 542 164 61 16 48 2
165 909 1095 67 72 23 46 11
325 939 1070 70 72 25 47 11
54 277 239 64 42 17 24 6
50 268 296 41 44 19 30 5
44 136 234 76 39 13 29 7
50 81 286 39 41 12 31 6
200 39 431 0 48 0 34 0
1 435 150 200 45 79 36 5
76 42 367 0 112 1 59 0
69 51 367 0 110 0 55 0
10 104 178 99 93 33 44 9
157 6 168 160 73 29 39 13
219 22 326 47 90 13 45 5
227 12 326 38 88 10 41 4
202 16 327 39 88 10 40 4
110 65 516 0 94 2 40 0
12 72 307 9 40 13 34 3
139 22 316 0 30 12 33 5
299 3 192 47 31 50 32 26
268 11 143 71 32 52 30 25
1093 73 909 28 68 12 116 4
36 493 92 582 16 58 19 76
283 18 200 39 32 2 41 2
195 158 451 0 40 4 27 4
396 1 176 72 35 15 26 6
286 8 276 42 39 32 32 3
26 100 139 100 37 29 30 8
25 73 154 83 39 30 30 9
24 67 497 0 64 0 39 0
8 280 261 58 34 35 28 9
22 246 260 52 34 26 26 8
11 102 314 21 41 19 32 8
17 15 323 4 52 15 38 5
8 107 419 0 49 3 29 1
8 110 430 0 55 2 40 1
10 60 412 7 52 5 37 1
15 157 374 41 39 21 27 10
25 134 276 11 32 10 34 3
18 124 307 0 52 0 31 0
34 29 152 67 44 16 28 5
188 151 286 0 53 0 31 0
190 146 232 1 53 0 30 0
117 0 510 113 66 18 26 10
13 171 389 99 114 19 28 16
85 74 341 0 81 0 60 0
156 9 153 34 89 53 56 14
187 0 453 68 92 12 20 20
301 0 756 53 110 22 57 11
258 13 517 129 89 20 47 24
174 145 776 59 99 7 77 5
447 55 921 133 170 50 87 34
815 26 482 331 161 37 97 19
491 69 946 159 168 67 96 31
350 272 1866 10 208 22 146 22
652 157 584 460 141 86 116 64
794 93 687 348 166 77 109 60
515 316 1824 0 200 38 141 30
437 712 1416 604 208 36 185 44
541 11 767 105 102 18 53 7
193 78 186 7 119 1 46 3
478 230 2286 0 212 0 101 0
73 710 832 330 147 67 80 31
256 296 1334 9 172 7 109 6
225 0 134 22 58 23 37 20
175 31 643 200 78 84 74 57
166 120 1372 15 107 10 77 10
0 436 730 35 131 66 58 41
345 159 1489 0 166 0 86 0
726 0 879 59 133 21 39 18
512 17 464 116 94 22 20 13
646 21 253 140 42 53 13 30
371 363 928 0 100 0 36 0
137 105 722 0 58 0 32 0
652 46 1280 71 89 14 36 3
367 253 1406 0 94 0 31 0
667 99 898 0 58 11 26 4
489 168 698 29 92 18 38 5
408 35 846 40 92 8 40 4
256 236 916 65 105 18 38 6
177 181 1064 12 119 9 48 3
156 237 908 31 108 17 44 7
339 103 986 0 103 4 51 4
300 148 71 592 42 70 14 37
275 166 94 569 41 69 14 38
224 148 820 13 95 9 41 4
119 49 423 15 39 2 30 3
60 24 274 58 38 12 30 14
70 54 507 0 61 0 43 0
87 4 152 14 91 22 25 11
51 111 919 0 163 0 74 0
105 32 486 3 146 4 91 12
94 39 379 12 139 5 103 13
179 0 400 12 130 15 111 27
90 118 706 0 162 0 137 0
76 141 814 69 157 33 110 27
109 125 924 51 177 35 120 26
105 113 839 77 178 33 120 27
182 8 676 56 148 31 93 29
159 0 962 120 164 22 113 28
47 80 1314 26 162 24 110 29
56 28 967 117 132 20 81 31
83 0 1245 62 179 29 136 36
50 42 1069 73 208 27 152 27
59 32 928 84 206 29 161 26
17 29 614 63 194 32 98 50
133 56 1182 15 176 8 95 9
147 55 1084 22 169 8 92 8
132 64 1007 0 198 14 87 9
106 33 726 33 131 33 65 22
95 82 825 31 191 20 89 13
58 182 1368 0 164 0 92 0
35 25 1074 27 189 18 77 9
84 220 1181 0 185 0 71 0
235 0 468 27 83 21 32 23
108 91 587 0 90 0 38 0
1 276 564 42 89 27 34 9
53 212 895 0 131 0 53 0
197 36 644 19 97 9 52 6
80 158 855 0 130 0 68 0
214 18 513 53 105 23 64 5
239 17 550 44 96 23 59 5
15 36 342 0 124 21 40 14
142 0 75 111 71 99 39 34
156 0 70 121 84 96 46 32
182 11 774 10 192 33 74 35
116 118 1 894 2 163 1 59
130 143 1247 0 223 0 73 0
221 11 873 37 189 17 61 9
217 5 363 344 109 57 40 31
36 297 908 165 144 47 63 33
234 5 382 288 80 16 57 10
220 0 644 24 57 11 39 18
0 94 13 109 7 48 14 19
408 0 761 58 104 24 31 6
209 322 1158 40 148 8 54 6
30 123 1206 0 203 0 55 0
116 147 1120 1 193 27 72 28
67 5 156 8 186 9 45 5
12 49 179 0 198 0 56 0
35 5 100 1 80 6 26 5
56 0 75 4 74 7 27 4
2 39 13 72 37 36 10 27
85 1 682 87 129 1 66 4
47 82 1320 21 187 19 90 13
117 0 978 96 194 3 78 7
139 11 215 320 94 121 23 59
63 12 323 286 122 68 57 20
124 17 830 136 195 13 87 7
156 107 925 157 205 29 111 20
46 155 993 0 167 0 108 0
87 126 1051 0 177 0 90 0
19 97 1126 0 214 1 85 0
6 41 117 129 88 40 33 31
0 40 122 62 77 35 21 25
111 0 127 19 89 45 30 27
39 50 182 0 117 0 46 0
33 6 110 10 60 2 30 3
26 4 107 9 63 2 32 1
86 39 1013 18 64 13 49 15
83 16 49 57 56 47 10 29
50 0 101 8 102 12 34 4
361 0 371 113 100 42 29 12
145 188 1082 5 178 18 56 13
185 89 1093 2 169 17 59 14
35 124 989 0 189 0 70 0
34 118 997 0 198 0 65 1
27 180 1213 0 150 0 39 0
29 180 1212 0 157 0 39 0
126 0 155 30 80 49 12 26
241 126 1332 0 117 1 78 6
281 113 1666 1 209 5 130 7
85 225 2144 6 206 15 107 20
966 0 1044 951 120 123 86 41
50 551 1112 47 164 33 76 44
99 268 855 8 158 29 86 15
202 58 1099 0 161 22 79 9
71 64 1099 28 149 32 53 15
225 15 1351 63 94 24 71 31
106 39 395 1 108 7 25 8
119 0 357 20 90 17 28 6
194 0 484 60 79 21 27 5
142 0 701 62 50 14 26 6
382 9 1438 160 74 16 70 13
132 110 1233 168 38 13 48 14
161 31 534 6 110 3 30 4
214 85 468 11 113 5 32 1
536 446 2598 5 146 18 41 15
949 194 2518 4 174 6 63 8
363 295 1799 38 140 55 39 27
97 237 743 20 178 7 31 1
179 558 2209 71 217 20 65 19
1431 208 2525 51 144 23 66 16
30 1229 1386 233 112 36 33 22
18 1744 1654 287 192 47 56 41
88 1524 2278 133 127 42 58 60
133 206 1734 18 204 15 44 7
91 347 1570 0 174 49 36 32
142 135 658 227 140 63 38 39
150 232 1842 0 199 9 80 21
567 174 1650 0 163 3 88 0
597 0 595 69 59 60 37 12
314 69 769 2 221 7 73 13
0 180 76 461 96 69 25 42
100 59 587 8 137 13 46 10
59 21 261 6 202 30 79 33
172 3 386 219 101 97 28 71
122 0 179 19 146 69 71 39
132 0 173 11 138 75 70 42
152 0 379 10 134 73 80 45
290 26 224 745 47 134 26 110
292 0 1029 138 193 6 132 3
11 153 18 726 59 114 28 74
1 99 38 582 53 99 30 57
100 78 1005 0 196 0 134 0
1 147 176 875 64 167 24 133
147 135 1150 0 144 0 86 0
116 99 1087 1 142 0 74 0
105 67 1053 0 129 11 72 3
3 67 383 385 56 52 18 33
13 103 1066 2 142 0 70 0
139 0 334 728 57 139 25 105
171 19 359 591 80 109 59 99
84 79 1370 11 190 5 158 5
104 42 1380 0 182 33 140 46
42 42 764 22 221 3 197 5
600 92 1193 27 194 13 184 8
67 26 522 532 101 139 93 108
57 119 1393 21 215 19 167 19
72 68 1424 35 223 15 186 15
167 55 1933 62 154 27 126 14
137 76 1933 61 175 28 143 12
53 27 1276 29 187 25 143 20
57 20 1231 41 181 25 140 20
28 26 443 1 126 4 80 7
29 33 156 11 138 39 132 34
22 77 90 44 81 60 73 30
8 373 426 507 94 101 104 86
438 0 885 141 170 41 79 26
76 127 814 0 238 1 131 1
77 111 756 0 234 1 135 0
105 22 359 2 219 21 107 20
94 32 506 10 178 14 109 14
38 0 465 37 145 13 74 17
59 189 1079 0 187 0 96 0
397 0 590 134 64 50 27 24
299 15 217 315 19 21 14 27
150 112 824 0 59 0 45 0
225 109 842 9 77 1 31 1
163 176 999 0 70 0 35 0
138 126 822 11 66 2 30 2
346 564 707 101 52 11 33 6
67 0 146 0 221 24 159 10
701 7 192 3 185 44 133 35
4045 907 3592 0 238 0 236 4
6359 0 4021 0 240 0 245 1
1237 2633 3427 34 202 33 191 47
6441 0 4195 0 240 0 240 1
80 0 131 364 75 40 12 29
73 47 270 30 181 53 108 22
13 28 125 68 48 68 21 44
8 29 286 0 112 0 30 0
81 0 264 251 119 102 34 85
97 57 763 0 228 11 119 5
89 122 714 2 213 17 133 10
121 49 718 6 196 12 133 10
191 0 627 102 180 46 169 30
558 46 2061 54 214 25 199 40
43 24 729 41 45 55 26 68
5 62 238 246 67 49 24 47
145 0 223 464 66 87 36 71
25 155 104 329 67 97 30 77
90 108 1109 0 240 0 153 1
25 132 1057 0 176 0 115 0
74 0 126 47 83 4 41 1
64 0 267 2 65 14 23 13
24 13 251 7 61 15 18 16
59 68 822 0 95 0 62 0
39 5 227 101 68 25 52 31
43 2 340 41 68 29 49 30
11 32 482 215 55 100 22 58
129 88 1405 262 113 117 89 75
25 81 446 169 137 50 49 37
17 85 448 47 194 31 50 8
6 80 412 20 145 54 53 29
158 100 587 2 131 5 59 6
409 23 551 50 145 15 81 9
9 38 79 0 91 0 41 0
1 50 77 3 98 1 34 4
2 54 104 0 104 0 47 0
55 134 941 156 152 32 93 11
89 99 951 185 145 28 94 9
44 162 1035 31 167 14 98 6
38 96 1281 11 189 11 100 8
371 95 1474 11 159 6 99 3
362 110 1359 19 192 8 111 2
152 268 741 163 135 33 87 11
198 244 777 166 132 30 81 11
408 107 847 6 185 6 110 9
53 195 370 0 100 0 44 0
161 45 239 11 81 18 41 5
190 50 242 4 86 21 40 6
200 13 180 0 70 17 31 8
116 2 94 124 70 43 23 28
8 401 5 559 57 137 19 71
704 19 414 189 151 58 58 28
455 17 504 40 133 26 54 7
572 114 734 33 142 3 60 0
398 123 479 203 103 3 52 1
294 134 338 311 94 3 43 3
1109 52 1102 149 61 36 32 19
103 278 923 0 101 0 46 0
325 38 438 31 68 10 28 8
216 40 511 24 104 10 40 3
128 136 278 376 90 63 48 26
346 134 1573 4 141 15 72 5
369 127 1668 14 163 12 76 4
83 244 1175 20 115 9 45 2
87 159 1108 21 91 10 32 2
509 182 1034 32 155 10 58 8
805 662 1463 136 217 38 109 46
1011 439 1567 87 223 35 112 44
768 588 1493 126 192 36 97 42
203 55 808 44 46 4 42 5
380 198 182 7 72 12 24 8
11 65 50 4 110 41 49 28
13 20 51 2 146 26 60 20
173 25 533 17 42 15 24 12
83 12 602 4 78 49 35 31
66 72 0 1170 15 145 1 57
53 1 423 201 108 25 25 16
1526 401 1548 0 95 0 52 0
1811 358 1104 64 82 23 47 11
1548 682 1590 0 99 0 48 0
1085 886 750 145 62 41 22 29
1272 321 966 47 71 21 39 7
153 91 755 0 164 1 32 0
1826 146 174 455 39 52 10 20
563 1997 1217 0 133 0 32 0
3028 0 49 685 61 69 12 19
2865 2 91 628 53 85 8 28
141 1808 1137 100 144 2 30 0
451 93 789 0 86 0 37 0
0 904 60 525 42 46 11 32
753 466 1278 0 127 0 39 0
108 1433 983 35 114 11 39 1
1010 173 201 153 31 38 9 21
1512 46 195 119 47 34 6 25
19 948 132 100 49 28 7 24
1262 12 740 97 142 19 49 15
1340 10 679 125 148 13 50 13
634 250 1134 32 144 23 50 4
533 359 1228 18 136 38 46 5
236 419 1773 0 144 0 53 0
792 8 242 560 44 103 23 46
161 471 1393 0 167 0 76 0
84 637 73 393 24 72 6 31
121 302 1107 0 86 0 45 0
150 457 42 308 19 71 5 33
180 146 217 89 46 27 18 12
224 120 559 0 138 0 33 0
518 192 771 9 137 15 26 4
342 502 337 222 83 81 14 22
87 81 179 0 68 0 39 0
285 0 87 31 56 8 47 3
202 1 136 10 60 11 49 5
74 76 101 42 66 6 59 3
774 24 468 560 82 52 21 22
3 538 107 1219 45 76 25 38
532 3 503 30 51 39 20 15
3 268 184 52 54 4 32 3
150 111 286 0 37 0 32 0
93 0 165 29 48 0 33 0
288 0 232 32 34 1 32 1
2123 209 389 0 50 0 32 0
1781 366 166 88 30 23 26 7
1898 374 468 0 66 0 33 0
1812 975 323 0 39 0 32 0
2612 157 255 0 67 0 37 0
242 2046 287 0 37 0 30 0
1167 354 279 0 37 0 32 1
98 2128 262 0 50 0 34 1
263 2023 292 0 50 0 34 1
28 109 165 0 19 15 15 15
32 120 268 0 34 11 29 4
245 58 282 15 174 77 129 64
343 33 301 0 34 2 30 4
301 57 249 18 40 7 29 11
529 10 544 213 96 17 57 21
576 14 663 192 99 15 65 19
434 48 498 324 98 26 62 23
1433 134 1609 247 180 75 156 87
778 177 1060 466 130 33 143 38
554 123 1234 209 138 47 105 36
473 179 608 0 87 0 98 0
106 160 283 0 41 0 30 0
102 159 277 0 42 0 31 0
67 175 285 0 57 0 34 0
222 83 165 204 30 11 26 20
220 63 653 25 51 4 57 9
266 129 684 0 57 0 55 0
31 0 26 7 95 5 94 7
38 0 37 2 95 15 95 9
26 7 45 0 112 8 99 5
59 1 48 1 68 16 46 7
32 1 30 0 45 14 27 5
54 0 72 1 146 16 114 14
88 0 109 6 159 13 152 13
87 0 105 16 169 15 150 16
84 2 100 11 164 16 149 15
195 0 222 43 159 26 154 3
277 0 748 130 93 29 69 22
271 22 301 513 103 110 78 50
258 26 1086 51 195 25 107 21
325 2 719 169 165 51 102 27
310 51 349 13 131 4 95 14
358 56 535 0 89 3 71 5
172 39 220 0 42 0 30 0
68 91 331 0 51 0 37 0
46 100 325 0 48 0 35 0
119 58 335 0 51 0 36 1
105 53 236 0 32 0 34 0
75 24 301 0 41 0 33 0
126 0 234 37 40 0 32 0
101 11 206 72 45 22 37 21
147 16 226 8 64 10 46 5
52 4 272 1 37 32 33 25
31 0 274 56 47 0 45 0
66 0 207 24 33 3 31 2
74 14 145 29 24 6 26 4
151 5 117 104 38 29 41 15
107 10 307 14 32 15 31 9
73 60 127 159 30 17 27 11
144 0 179 21 24 12 36 13
158 0 192 18 26 14 32 13
161 0 175 14 26 14 34 13
190 2 117 112 39 34 35 17
183 2 205 67 64 32 50 18
243 0 241 38 62 24 43 18
267 0 276 20 58 23 35 14
247 3 169 51 30 27 21 11
355 25 233 37 83 5 37 0
333 38 268 28 81 5 41 0
589 4 532 0 49 54 22 22
51 122 297 40 39 34 19 12
229 92 1294 0 144 1 68 0
50 412 990 11 131 8 59 4
292 58 87 481 24 82 19 32
270 97 57 432 30 67 13 31
170 128 282 73 54 29 22 14
14 63 198 39 19 41 9 26
113 0 107 10 80 11 28 9
41 15 142 6 117 24 62 13
49 3 90 10 88 22 50 7
0 54 6 103 31 91 8 51
47 0 133 6 111 13 62 2
168 34 337 0 88 0 43 0
129 15 104 128 87 28 57 9
119 10 101 65 67 11 45 3
65 40 350 0 48 0 33 0
86 30 387 0 45 0 33 0
