scenario N1 N2 N3 N4 N5 ta raa t1 N6 t2 N7 t3 Nanc
1 1071569 187944 117110 243240 304120 4670 0.271179050207138 8090 1525694 16217 346803 328448 968609
1 158076 25521 4170975 228443 320654 676 0.186129257082939 1151 232098 8200 30458 34612 89876
1 120383 30681 80932 44011 130982 893 0.294829130172729 1553 15665 2067 61269 49660 199450
1 2847911 411344 7950269 7468423 9925819 1991 0.123270258307457 27348 6507828 50461 535326 446211 1367407
1 96059 20209 478546 6309246 369769 306 0.445952892303467 1298 235084 5616 24208 33970 148858
1 343180 235813 22267 510883 9787155 374 0.136413410305977 7580 560524 20601 19988 44315 897911
1 2359299 60899 1701892 8115691 2910073 575 0.372992813587189 2720 1231058 48600 365374 305808 1647547
1 48173 58443 6294503 11829 174567 152 0.159497678279877 1198 201042 5760 11504 17955 104448
1 716240 20532 120571 52997 2035664 527 0.0681582242250443 2132 1816466 8212 741990 469529 349653
1 281374 192005 6186518 605013 4200162 700 0.0898032411932945 3346 550008 4565 87871 52412 142752
1 556920 34499 26699 463292 55589 1220 0.0815356075763702 3303 142026 4817 161377 107130 541699
1 1694042 97217 33156 9099958 490501 1689 0.185675770044327 9553 660423 30307 62786 78459 1058219
1 300506 25375 9178748 794644 7590614 179 0.0861614942550659 436 21728 610 168232 109754 445080
1 77161 120747 40173 24165 1969828 307 0.244592860341072 1924 84098 1967 26226 31521 90582
1 1175236 126464 56114 264909 5618705 2857 0.0788019448518753 4793 595016 20815 679338 612720 2244491
1 920176 11092 34367 346760 38673 256 0.147843986749649 373 13778 472 1140209 558703 1007936
1 1182212 18432 406139 44187 7461684 1041 0.0509174279868603 2333 201672 5153 55155 39178 223339
1 1046747 44479 3186872 618086 2327320 866 0.189418137073517 1661 123354 5885 446388 227602 403402
1 184009 13998 80197 248897 37979 729 0.0613572932779789 2104 4153173 5245 118858 132070 183828
1 7561894 81314 1214089 347862 2412848 2822 0.13286966085434 5268 1779927 37961 634325 354447 1863139
1 120637 23891 29114 7453702 3303690 1398 0.0769092068076134 1788 474291 4019 19395 18607 72241
1 357248 8843839 6348682 309463 447165 1256 0.458303570747375 4863 232492 11028 193026 159671 303165
1 39036 127699 4202615 360035 97214 344 0.414440989494324 1420 20753 1831 13185 12967 53537
1 84508 44337 2156282 52582 43429 156 0.0847825184464455 198 941464 449 24170 27810 57168
1 7693209 230978 39108 336910 6566590 2004 0.0745614171028137 13801 468271 15539 824013 572426 4711325
1 5210264 1378252 3096766 292135 476892 389 0.289137691259384 1051 3168030 16035 796540 545616 2248934
1 348423 762774 7501314 1063585 98938 1709 0.133428186178207 2151 967685 6192 93212 79853 311489
1 616235 96109 84213 17273 1134551 307 0.0521927550435066 629 560772 4451 208243 175922 617158
1 943100 43208 21832 146939 2017877 370 0.071881890296936 7681 2803029 10755 208364 283464 1052486
1 938950 714528 247092 4283923 979897 1368 0.429665178060532 1714 7533227 25771 268684 269358 1275234
1 1124211 21617 398807 57388 97855 546 0.160261616110802 555 1714041 1077 784369 359918 891767
1 175383 88842 20973 599603 1314239 349 0.261373072862625 2670 179442 7747 67584 74928 330190
1 161329 28126 811191 556949 424382 260 0.486773431301117 1926 424840 2334 17322 19953 101115
1 147065 25002 31636 346812 224246 2214 0.0833237692713737 3063 7935401 4274 26228 27792 164665
1 287911 2549358 84702 3962338 1139608 248 0.412951916456223 835 444456 928 205353 151833 303301
1 1006187 65554 65187 83324 5309901 337 0.0929387882351875 1131 2849679 9553 692006 364520 1003456
1 1658458 63971 25526 63398 3660654 402 0.26652005314827 1433 139926 2271 846509 620634 949916
1 3520180 381320 1508080 603940 3208887 208 0.175999045372009 291 1827725 38216 889223 612912 2813673
1 168709 215026 238360 79046 3744657 169 0.138322666287422 641 270016 14999 28420 41201 206198
1 1139481 6165942 98683 24511 417565 756 0.104634627699852 1954 4709875 17663 188279 173708 1278117
1 1038413 7495338 5085144 10801 452879 270 0.151726439595222 1192 59768 4847 153113 143962 525560
1 2342673 1767957 18322 109192 1607411 515 0.263760030269623 3411 80724 9248 26392 30825 434513
1 120497 37681 846814 11509 170516 489 0.315247923135757 827 109451 10755 25519 32068 265518
1 1556568 598614 10555 15395 6101722 534 0.185999065637589 1280 1693114 29169 43038 66932 964398
1 461966 19090 4290901 1656895 49024 586 0.0554597564041615 1029 837952 4796 140043 96466 534774
1 9338389 51347 2430352 1002873 8599990 191 0.263815701007843 8191 28253 11654 145286 106981 845157
1 793747 8794029 2861438 16064 17858 239 0.0596267394721508 1243 1265199 1933 212453 125625 334022
1 1628185 143741 66703 10476 36305 382 0.308285295963287 671 1576460 2522 401399 379038 993364
1 223973 6199974 17418 317220 2881928 998 0.0662448331713676 3977 433773 9259 90923 99512 166610
1 28252 1044423 10058 7513918 529683 242 0.0707997828722 438 1349634 462 10512 12302 24918
1 465049 2498896 52308 8444691 547974 340 0.183282300829887 1554 487868 1747 703285 476438 546019
1 321551 2208282 271523 10860 814664 334 0.0787428840994835 1068 2283126 4731 26056 29416 633938
1 57373 30010 66212 1447252 6257016 631 0.0521527379751205 937 52322 939 13954 10833 94031
1 128185 119669 60266 55202 218794 797 0.278386533260345 1541 1529464 3076 66768 84081 89234
1 349447 12136 41312 25003 962106 297 0.102511338889599 1653 14892 2123 319828 115998 238339
1 871367 41998 12460 9678497 4201101 174 0.0550544448196888 3121 10599 4094 135891 74785 300860
1 948759 2139122 351995 282630 6327800 346 0.399100571870804 1550 54398 5644 272228 224391 707036
1 113853 17641 362580 420487 8940807 1288 0.473552465438843 2452 318921 3871 172552 90386 189778
1 321680 101063 155522 46758 279005 343 0.327081084251404 390 6417391 12050 23985 41219 406988
1 616950 49022 822803 3444706 3097629 159 0.313204765319824 585 4979051 14045 523643 369478 1031786
1 282352 49821 465798 2217158 206122 186 0.0519495233893394 1476 1154830 1950 215585 118620 379451
1 112295 2814634 66261 20786 187513 380 0.117575570940971 775 2619642 1094 50518 45581 197781
1 9576472 109063 246391 1006317 2088317 579 0.141262903809547 13624 3505471 26454 31150 60872 3665688
1 2071310 110491 14607 38361 2190437 154 0.292566239833832 317 779242 7420 284819 168674 490295
1 203497 462251 831772 2922377 1531183 2441 0.0659307241439819 2763 15500 4020 37267 49636 151675
1 1591612 73645 99115 2169887 248723 2133 0.0733779072761536 4269 3055293 10070 56133 37746 259479
1 491300 2047184 7557740 7453996 2870134 2453 0.480399072170258 19071 64202 25727 49691 56863 545486
1 104693 3892880 33878 19973 1913871 216 0.234563052654266 368 25943 687 113900 64836 63912
1 387603 38429 66015 8058582 286442 992 0.361780345439911 2852 64009 6873 56355 48342 88578
1 451485 187435 4963828 314816 755605 328 0.0760421007871628 8041 10767 9120 135927 126817 519926
1 654822 743638 1943850 1227822 4339672 280 0.104501344263554 411 1011199 4643 770939 565989 606954
1 171678 25126 3651232 1861773 714363 596 0.0632443502545357 3470 121743 5672 25981 28413 134381
1 4299280 196007 5600405 613211 1134790 1373 0.446547508239746 8250 190620 16001 597601 419506 1035766
1 741179 1298593 284933 101593 6298135 4624 0.386171251535416 11288 21590 12703 1094594 555858 697731
1 679129 225614 19546 18066 72241 2164 0.153392270207405 2340 244868 4836 190340 239674 670010
1 2441636 2602197 3006437 153091 4428153 190 0.329066842794418 550 282602 2812 597551 563133 1172261
1 160942 10232 1221238 241961 21594 164 0.162853330373764 599 2110681 968 157421 187187 68100
1 4742893 928194 173864 44274 2574357 390 0.30359023809433 472 73796 617 1112603 709718 2161635
1 2835234 20410 3519801 125124 2037003 343 0.0710620433092117 3533 786501 6927 29538 30557 383247
1 873716 797175 9474231 733411 252264 224 0.0866866484284401 4374 106989 6999 692206 518234 1380572
1 991506 11383 1906876 36245 7692915 285 0.166007980704308 637 9181776 35236 248413 260375 2295103
1 2287868 422179 12160 36287 5604408 207 0.0801297724246979 2313 572480 5486 291343 144998 515279
1 498127 516418 190500 1076256 9369807 692 0.0850780233740807 1181 505943 25175 249233 360993 682874
1 993562 5662787 370130 928752 1315245 583 0.0633164569735527 2706 2796018 4353 275227 276567 1086489
1 254352 223220 17953 10747 2833007 352 0.174543216824532 1607 1136641 48505 49986 110467 1051700
1 222249 1859856 3531077 1593054 3810190 338 0.136347323656082 5225 4404914 7266 48399 71438 200773
1 1228566 4556247 190070 21882 2403891 1290 0.246965005993843 1657 349954 9111 436264 316997 1427553
1 548109 2232919 1065496 11647 563443 249 0.488955020904541 333 303721 18370 256241 294597 271913
1 248196 101297 360454 461714 1928726 5593 0.488227337598801 7052 8194997 33373 13133 53101 723229
1 6867027 13031 608697 246003 596801 724 0.291717231273651 2442 4246199 33490 753617 586044 1408181
1 468952 26087 3027852 60269 146692 172 0.41103059053421 393 66466 1699 47627 37037 178843
1 60198 5629894 17717 503246 96240 168 0.314207404851913 3258 1014970 3264 11816 17573 108089
1 2023591 165273 3748732 4997187 9983625 274 0.0933834984898567 2188 40175 2678 25055 21499 143202
1 884391 3607327 4339195 400461 122928 1668 0.137349233031273 2364 1186079 5390 82591 53600 388638
1 148881 26577 164362 43701 342752 263 0.214820683002472 418 85676 6310 28599 19829 128445
1 9356182 40770 913881 768609 1929336 226 0.0586916618049145 7016 34554 10218 466123 375916 5212956
1 8145234 25334 15009 172429 9118133 1050 0.146721571683884 2469 34867 7159 951919 699781 2766975
1 131519 106353 1461011 13870 22837 231 0.313312947750092 435 8318456 3473 34039 36773 249460
1 2421591 1039372 4207756 1888413 5600044 6695 0.422919511795044 7377 1387727 103272 950853 693635 3553607
1 1950676 52254 3680990 84433 449699 160 0.0933196619153023 2018 1643206 15614 319468 174118 1105688
1 1914972 166491 105925 215875 132183 627 0.350119799375534 1726 2904586 8795 257159 255709 2485222
1 130522 31711 16721 13656 164643 362 0.0742928311228752 861 173430 1532 10594 14708 47070
1 2955021 2283853 10447 112484 252565 893 0.436175346374512 4896 479740 25505 251036 257584 2116735
1 1121296 40036 34350 8536322 4775604 282 0.0958570390939713 4881 169728 13434 578270 211748 312153
1 919473 196197 3616087 5893550 943228 648 0.245571300387383 926 125863 1212 273471 169932 552943
1 1143751 10195 287775 2115426 107219 536 0.449149370193481 2442 5751633 8098 35804 34239 259779
1 733521 42125 38954 201866 680582 297 0.114904031157494 1875 170405 3685 40031 47578 333107
1 866244 15517 685609 40277 5478336 1329 0.300334572792053 1408 2681460 53567 120569 236090 1837965
1 2676673 1752200 22829 399095 1175957 168 0.118041276931763 19287 213205 37011 427133 569779 2152959
1 1591965 114744 483459 18298 1734164 223 0.0747241154313087 346 2150051 23177 457282 299524 2507755
1 6964660 22943 3905006 4572274 171470 478 0.407843559980392 3822 12447 3843 299833 223356 2569555
1 5520567 48994 393022 222006 80719 2836 0.189210712909698 4936 354253 10547 1526617 689416 2008509
1 247463 130387 2377645 239704 4162395 401 0.109363421797752 5940 8583333 56735 15270 74431 1059128
1 1437181 2243879 10568 18806 8261605 495 0.12006064504385 1021 5719554 17358 48082 68381 357307
1 703681 2507694 177382 21498 8015747 563 0.196719884872437 1400 564848 11207 392429 318382 724515
1 683447 2900667 172745 33371 360081 396 0.0796733647584915 1752 133573 2514 392787 393455 189917
1 6628723 12923 212095 2255167 2497612 532 0.167859226465225 1310 7473112 4642 1269725 655158 1705743
1 1419201 370378 27775 136895 250442 154 0.331719368696213 1037 214618 12340 218773 230537 589965
1 2251012 1627046 4439111 57178 9205908 2294 0.0955172553658485 2433 1015478 126489 23150 150023 2845100
1 4450146 1156004 1278701 999412 842717 445 0.374058216810226 6576 1122119 45157 764737 718930 1904768
1 123071 22388 63711 1483756 112306 333 0.376648843288422 938 16723 1001 32477 20995 58551
1 1160766 191543 196000 4566418 181197 340 0.13172359764576 657 3876378 6482 15266 25221 304479
1 8238880 194051 1336580 5658658 9441680 479 0.182316601276398 33160 172880 51089 144054 158473 4481766
1 3387720 3394424 6761921 3205238 2278090 722 0.188766360282898 72273 3936929 128172 180840 281269 3560242
1 511481 51949 4537207 17814 441872 172 0.348325073719025 1815 582270 4669 121981 83408 679791
1 3066912 19867 26206 72586 280657 150 0.0906641185283661 5948 2643595 21966 253369 236351 1561444
1 1366782 376920 9239633 832017 4898091 1448 0.0989388898015022 34619 570525 130677 92407 206214 5398007
1 1500868 13675 224694 16408 764314 570 0.339075773954391 926 3298153 4927 67980 38727 168722
1 2965246 30965 140176 5495917 1093657 637 0.234955415129662 2727 3096501 101309 363088 357507 1237256
1 403617 69676 3923929 8841686 252439 289 0.170105934143066 1398 703849 31799 239571 293583 240857
1 493106 290367 107804 7209208 9849872 291 0.128791615366936 486 375921 6832 142918 154627 769150
1 3994029 1856556 165469 144239 2375954 477 0.376249253749847 1944 376918 6851 25968 30985 174368
1 1410280 3987151 16438 34841 64645 653 0.14699375629425 1128 467756 2674 491384 509977 2642804
1 822339 9827432 6147727 51612 375587 822 0.403271198272705 1270 130081 4866 509519 462503 1093273
1 384893 4960610 8435827 75750 291424 351 0.113938942551613 3420 1145262 7063 65258 92829 306309
1 249364 8085952 344977 719120 244409 291 0.108357302844524 1392 3512102 5064 233863 268423 142673
1 2322317 43850 37887 6919008 750341 1213 0.418582767248154 1590 1213114 1728 94525 97707 1061867
1 1773059 555944 7333715 115951 438730 857 0.0577629506587982 10557 2529633 14750 258292 338579 991264
1 1208112 140399 34832 2133761 744572 2210 0.442976713180542 10347 280486 22822 91572 105065 573296
1 7003370 378069 78469 186905 1322382 804 0.408652245998383 6644 7233198 25691 400178 416565 3282355
1 4849607 2016246 3774072 7507969 67944 242 0.113940425217152 421 32688 1320 501991 249923 1140292
1 596882 159731 43910 71039 737772 232 0.0620900355279446 1830 131552 5693 653167 543727 213572
1 1189980 24847 163492 9109550 353250 1198 0.428341239690781 1890 3771922 35703 14375 54866 968415
1 855745 740172 10751 2591794 1056293 391 0.0661946535110474 24865 1710623 45944 370796 464914 537318
1 682262 11568 5692634 2742257 573012 379 0.0705908089876175 1813 3766398 65271 541586 330543 820370
1 8416152 19833 2623592 10346 164550 180 0.0671310275793076 694 646914 3701 1003767 331847 1154341
1 3685564 15269 2029521 137861 273804 372 0.0986119508743286 2407 12526 3979 787639 487053 2458200
1 63146 2823173 2001840 15536 11468 150 0.111340671777725 653 1324130 691 47807 50974 43266
1 1199566 8191367 182841 359087 209509 674 0.0503424853086472 1049 72282 2065 237648 119037 422896
1 392381 474467 2763082 41875 291119 341 0.149242475628853 630 829555 12693 265522 207183 296732
1 7965977 223623 52372 2582813 748257 253 0.0818012431263924 50535 1628503 76436 58296 131815 6381843
1 100098 22340 3625810 108588 4426573 204 0.301040887832642 740 6238477 12798 18083 30261 390675
1 1093164 1350223 895891 12556 2573904 310 0.153398260474205 863 250918 5108 655937 386898 1311197
1 6322627 5287949 334522 132911 8844540 179 0.363865703344345 972 411602 16070 122879 88137 453377
1 688938 17331 405526 1787269 3979819 1130 0.144990786910057 4230 445165 41021 1152443 595126 622333
1 1242287 130561 94256 616504 860921 660 0.431669414043427 4235 660448 17065 35934 53739 3139966
1 631497 41577 1262073 2138632 182064 4779 0.0746574997901917 6837 35008 9018 53431 56588 163272
1 2326900 30469 133898 800843 643588 233 0.306120544672012 3214 54461 4399 38927 41386 2024521
1 7115130 7904287 1989921 3036118 1610788 626 0.328040271997452 23647 1472655 91631 88327 160755 4380430
1 4184198 28197 3638423 257219 2602317 383 0.106598198413849 845 105528 4151 16326 14784 177340
1 730279 9448252 3604747 30440 699334 251 0.149821802973747 572 332422 1091 171123 140250 263344
1 6296347 15889 164495 63161 692995 212 0.0863683819770813 2289 5226842 16071 836469 468932 1556817
1 99605 51334 628955 5251492 135870 618 0.22512511909008 782 45581 1065 160798 121581 97458
1 4463010 205845 308789 585906 433572 2446 0.10568331182003 7659 839565 91132 70954 160175 1587276
1 2424910 105658 104244 158084 5707946 192 0.242379978299141 7816 7622931 175139 1217726 667947 2161527
1 4641789 41611 5298401 692261 345637 2007 0.263697952032089 2147 5318969 4311 251963 181148 3708574
1 3048813 760559 138649 1918381 1111932 795 0.364519864320755 5757 4093251 100637 238038 422330 5654594
1 29588 12026 229054 67054 44122 358 0.175783380866051 497 616947 876 15320 7712 29895
1 1254922 1214674 15990 234398 1285129 1483 0.126255840063095 2587 2517012 16040 294077 254299 948785
1 8133117 4411538 32044 244143 2618535 246 0.0885001569986343 1034 3793293 64786 236842 318359 3060867
1 133561 522379 183043 9168778 7759145 483 0.103769317269325 731 279906 19616 67843 79767 220895
1 88829 91771 13366 2285405 54838 231 0.133171007037163 1098 87476 2422 23588 21887 179627
1 109161 119907 31559 254339 7069466 200 0.199142396450043 281 102656 546 40079 16975 53191
1 498204 122915 58045 50792 1385848 695 0.0755350962281227 2912 1632323 4403 21686 21562 289251
1 105150 12099 12956 57141 217140 748 0.0622348338365555 1065 94312 2325 12777 16934 221114
1 1025450 306325 105520 915689 2047389 603 0.429283142089844 3130 497762 5363 360362 383129 1440132
1 673080 19949 590559 35654 1635721 349 0.470788061618805 385 387720 4244 466569 174448 383308
1 191644 24122 2390083 654174 194716 369 0.471496194601059 2456 4530637 3939 296102 144631 165057
1 3526693 13196 577890 4667473 643222 715 0.267926633358002 936 18149 2124 92438 105588 1147689
1 1230026 120826 101967 144870 1940441 191 0.280951350927353 5007 361242 39841 350089 307573 362550
1 264229 1297528 338969 5640480 122169 1443 0.316061198711395 6195 3606826 9405 137556 106138 198682
1 788681 19383 20799 2122662 2623657 207 0.268674314022064 249 4504693 14947 1033417 447639 910831
1 90874 20350 11250 59858 3088789 155 0.379348516464233 169 140141 268 26181 19981 119550
1 1333462 17222 1285239 239180 85801 939 0.251503735780716 961 64219 3398 78549 91361 2180972
1 97191 266906 110988 5821209 473473 186 0.391285121440887 554 20132 1100 17504 13123 87440
1 1665492 9556745 32847 1570732 5363473 163 0.103140480816364 439 2496767 1288 323295 202637 1031275
1 412998 15882 3653596 3359099 41349 618 0.144955739378929 926 99408 3863 322032 273873 135073
1 1784136 9660985 447677 7057477 3260011 2912 0.164191246032715 6073 199825 8000 118826 115991 420613
1 656651 2733347 1921370 8028580 274939 776 0.4616878926754 7074 1650320 11076 135199 79550 243770
1 151993 25257 10263 1237519 213124 551 0.095513328909874 1629 1480611 16178 200708 106154 166732
1 1881658 12012 23822 5700483 9647199 345 0.077712319791317 1610 592757 2254 36740 40723 4084055
1 41979 530695 705096 22399 2966124 379 0.384915292263031 398 32311 576 31125 17817 53801
1 1975508 46012 10201 262662 213685 208 0.0689355805516243 7550 196648 30736 16830 47304 259449
1 426907 1051241 13731 6720693 4594221 551 0.356534719467163 2022 182758 15065 23660 28040 547029
1 495137 12482 2569111 26704 62697 2039 0.427456051111221 3131 3163282 15028 22522 38040 672609
1 857764 1262435 102844 4048028 6191859 966 0.0960263460874557 5090 6195760 14686 743812 589706 320094
1 4774667 988368 28300 8962442 4272600 472 0.176915749907494 724 1593936 8660 20615 31106 392340
1 6057549 65969 64913 105028 6277469 1466 0.0824731811881065 2196 4987462 95139 474689 351980 895105
1 236990 13877 320387 255558 5305056 902 0.109908029437065 2074 609303 79753 103014 137333 365515
1 7399217 31906 6169217 27513 1329010 2933 0.345188587903976 3892 1368854 139719 317773 272881 2004801
1 2057595 406125 334114 1974335 579693 421 0.197761759161949 3016 121902 3248 40586 39924 607815
1 300857 1241101 159602 83707 1443105 176 0.283381044864655 1543 1066052 2860 12612 13946 230749
1 1694010 34126 69106 345440 49856 393 0.169949978590012 7740 54975 10222 15040 25324 318294
1 2328573 49446 356088 350149 8156679 1002 0.25586125254631 2983 4544656 9202 249127 222983 9791119
1 3629081 5948174 76038 1130082 158907 2508 0.406584918498993 3377 1709207 5253 43471 43335 241970
1 4064559 179499 372617 2973709 8737337 247 0.111932970583439 11924 279448 46377 144392 185431 771090
1 385519 6300194 21888 932883 1914593 835 0.403873831033707 23615 797994 25505 190945 241533 385971
1 1537473 114448 91538 3533556 666953 565 0.197532773017883 4178 3492834 5934 31600 25766 371448
1 650574 15420 2875704 774471 30188 246 0.0550386868417263 1498 684362 7970 462732 424555 823350
1 9625105 2990937 475877 378713 326540 1837 0.163609027862549 2170 1404077 27444 128792 142954 1634931
1 525463 3597502 1679494 21272 1471919 431 0.15855298936367 518 406480 1112 314258 123544 361373
1 6468135 46064 23475 349680 413357 477 0.14823517203331 584 2130359 4952 533304 408217 4977703
1 965200 23584 25825 7861673 750462 249 0.190334185957909 3824 7245646 15663 15648 25986 270315
1 91143 19684 239873 230190 1061735 649 0.386235237121582 1223 39890 4258 112143 147212 24753
1 4601981 40094 70849 380882 5918408 281 0.0986393317580223 8153 3889470 13235 403075 274687 1879416
1 1906500 2464349 791913 11839 377856 426 0.329095333814621 660 1260053 35291 55156 75808 1359479
1 2207136 73359 282885 457795 2807541 334 0.361253172159195 390 2968333 483 872519 415065 988182
1 9323734 2916354 49875 9723679 918626 1922 0.0533803515136242 3985 1599804 83799 809917 655154 4038493
1 4751918 2039762 185326 2358164 1946898 261 0.0852904468774796 1885 6273484 63352 155006 277579 2456186
1 97068 25067 414238 633642 9501987 181 0.0793145224452019 788 7031710 866 40914 39202 272982
1 2994676 185808 1306691 86798 4814693 213 0.18378284573555 5818 2252947 125539 167767 277925 9462765
1 1484233 1142281 73094 360715 3151076 315 0.441099345684052 655 169138 1229 29298 21720 212346
1 5000431 745062 45142 27970 2160829 220 0.0703882649540901 1588 6982627 2263 21957 13962 76830
1 1877998 10291 12189 67190 12137 423 0.124167732894421 465 7948045 679 439009 285480 3000395
1 6188962 13295 1163737 4460683 2610175 220 0.0638666898012161 1404 533142 9596 101190 47564 352644
1 236549 167509 66883 256085 823544 212 0.216743111610413 323 4815576 10058 276187 237634 333807
1 772711 400806 7317981 28785 3857195 1343 0.282787501811981 1435 71416 6568 16531 22096 197933
1 1590002 28326 1663675 14464 3811884 226 0.0788262486457825 280 4962660 16202 155678 124498 349638
1 1376910 199617 197000 7545615 2199527 3852 0.187513187527657 15833 1099361 64890 202618 204685 3184549
1 6483218 106645 451350 302646 32631 1437 0.164168551564217 2195 7289053 2209 31203 23868 350112
1 7809803 5123492 6737131 1337726 1982947 542 0.0993754118680954 1296 2180479 3017 640835 325582 1157114
1 452264 22206 14778 558512 306563 2559 0.150000587105751 4530 373763 10290 47153 54130 167791
1 396425 373721 733104 34075 471193 214 0.328886151313782 725 81020 1728 13497 15442 85807
1 1175531 678479 535398 8164107 960598 1118 0.112578466534615 4299 736049 18376 215271 184624 1285338
1 2720110 15177 390886 25704 136956 248 0.270097196102142 611 5917110 5730 202760 202358 7702632
1 139120 14778 32458 750764 1254085 896 0.295767337083817 3157 3203587 23130 202345 149127 154951
1 97338 98533 86324 52253 77521 664 0.0852240696549416 1317 2966604 9635 47952 53841 126211
1 3739559 1722523 5042594 252145 1636613 4075 0.101963005959988 19247 16690 20811 1435746 574906 3181155
1 353068 329503 736900 1520215 1041691 316 0.483108699321747 1489 86745 1654 12136 12437 115691
1 5595727 2466710 513639 94765 196990 184 0.250897914171219 221 54303 584 357740 318678 2574951
1 62582 6149750 3287533 8520953 7005795 494 0.210502535104752 1313 62544 1657 80422 67560 39843
1 4826637 3401044 31105 136148 1049473 684 0.370698273181915 4385 80677 7243 70435 67273 4673893
1 595669 974218 272509 49318 4767498 1003 0.160074815154076 1597 392032 2981 417860 227419 236071
1 1285941 51155 105929 4587981 200343 276 0.425242841243744 397 367324 1899 1189518 617136 598707
1 438748 12900 5431262 17611 129124 163 0.218615129590034 528 60933 4781 91663 117732 187385
1 145281 20556 47803 1415800 397489 300 0.163059160113335 1854 1351023 8027 157696 100929 56808
1 8131155 46158 99334 17180 199913 1804 0.208673685789108 2481 26710 3062 81531 53511 778873
1 3447980 232063 213971 6885875 84810 1038 0.0529900267720222 3356 1756284 4819 439162 487797 1847103
1 2020543 20439 1700882 30998 917767 1033 0.448646157979965 2472 591981 29274 106836 133247 6798022
1 1072900 368268 252784 56012 1253160 720 0.421292364597321 904 1084373 42612 79175 106942 499747
1 8358175 4905787 255038 623436 505228 440 0.397542089223862 1372 301782 3122 281188 133776 539599
1 1967641 39947 400866 549868 2249916 998 0.305556237697601 3026 7417457 17540 1989968 559067 991604
1 9729350 2979941 10467 574357 5086053 340 0.0977474302053452 10423 115479 19569 253455 237635 5093263
1 8557756 1652421 12158 130980 6602019 244 0.489815592765808 3422 5015014 39829 554814 304360 1868853
1 572080 951521 257566 72837 5752937 1837 0.192088231444359 5742 114753 10312 886689 437762 385907
1 2496800 25812 22295 1194392 863494 1239 0.334130376577377 4060 5354319 24282 151558 85684 335999
1 8367824 51956 104998 43078 744453 1116 0.207114726305008 2412 7424432 54519 482585 361864 6295407
1 2670748 27747 216434 4736209 25693 258 0.159005984663963 485 1067549 1116 50463 48455 204939
1 779290 17788 158504 190840 679601 390 0.463786482810974 1538 71180 4445 562744 177428 830342
1 1909138 18030 749097 1106270 74572 3740 0.46491664648056 4098 3061275 25633 986111 651652 724613
1 2318638 41673 1937487 18314 2169799 487 0.107183039188385 2474 1071839 3972 117324 103700 2700614
1 4930142 2421270 19080 17475 10319 239 0.330615609884262 840 1415428 900 147527 121609 1139607
1 6753975 28046 38996 1348263 43476 186 0.309364587068558 362 338944 664 411553 258989 2402494
1 1397247 15656 212591 2872629 2299077 260 0.122529551386833 3243 60128 4417 200041 256165 513458
1 1319730 55751 3031308 5495855 4071265 1406 0.076871745288372 1891 18166 3325 54975 40964 528823
1 429493 165333 39658 26948 752676 743 0.242437943816185 2823 642206 19979 89226 92854 1091023
1 2465210 126070 9640380 250816 1440164 2030 0.0730016008019447 4509 726031 5112 13547 18100 8274983
1 6084593 3954698 107167 2932179 6478515 407 0.417559146881104 555 197875 9046 127404 65401 309992
1 8130369 230122 915241 962062 3419403 5031 0.439873874187469 13207 2056231 15389 31337 48218 2503440
1 828510 19475 383197 61980 831733 271 0.140542104840279 285 353155 1374 272140 367246 326912
1 1585585 1062070 547394 2366535 989028 996 0.272618263959885 1864 75176 2452 37894 18966 149957
1 5276050 405058 51859 1148291 1651992 210 0.46310105919838 851 4236323 6679 21309 20014 523016
1 2161343 467624 2294155 6658657 1402651 1064 0.321921169757843 4920 6638332 7377 521310 296363 2729832
1 51288 8773981 1492181 123797 1788999 263 0.156028047204018 731 18971 3390 25598 28839 33603
1 171559 5358950 106734 635563 2059453 1580 0.154387712478638 6464 150334 12890 18357 35722 426912
1 6388139 42096 867225 22888 162402 554 0.366082906723022 1127 28278 4270 39598 38006 3396828
1 9147758 38543 145483 37780 190245 163 0.238413095474243 308 24085 599 729079 512202 5640700
1 1958758 494179 26475 4571782 2035935 680 0.0890176743268967 5146 128759 12286 34889 49047 277231
1 76373 117823 130934 29297 1880050 441 0.203749984502792 935 1011292 1592 77599 45785 155555
1 577879 497233 14253 129134 773600 165 0.10884602367878 1265 8787227 15305 288340 387001 299293
1 1221820 2159134 698927 327383 2071070 150 0.183725461363792 1617 982233 3606 28235 15658 107270
1 259012 9836511 434480 5502850 109106 2865 0.315812587738037 7258 1210630 8563 77037 112542 149618
1 790127 6880635 232069 18704 12398 184 0.403817117214203 1233 2067047 1297 54901 61210 633259
1 208911 15999 988330 442861 34153 334 0.155271947383881 1415 4485209 1483 23324 30760 99994
1 7393227 9232695 68587 354339 219712 253 0.20450359582901 2925 9817534 10764 898568 609071 1342782
1 204650 8440300 2187488 19690 5240731 274 0.0557669997215271 732 298682 32279 35003 54696 458434
1 486787 24460 17364 895242 585876 355 0.064309261739254 3052 6203554 36072 359081 387201 227720
1 2262975 4171966 15105 5983650 39142 249 0.120667032897472 277 357205 7930 469544 389383 949357
1 795169 6765245 1354978 18597 243060 1011 0.053187407553196 3192 141497 12156 11715 26562 1014312
1 1955875 17885 1316414 4795952 692535 521 0.105597406625748 2095 4626210 8846 241489 132806 297890
1 412289 61212 12812 663611 146534 305 0.0840560421347618 1263 121152 11268 205884 104558 189286
1 256411 11591 2583834 9215622 1623609 443 0.164443001151085 1045 471243 10745 87491 94889 96954
1 124484 34105 5130003 599284 889411 622 0.0893976241350174 1747 127011 17403 133584 78599 133743
1 763892 5481088 28103 389913 244754 552 0.481937408447266 1487 1792238 8081 248836 101713 262624
1 1230749 297986 5472689 1094483 261234 211 0.171268120408058 235 194073 2679 495348 299973 503734
1 518235 983852 117815 11651 37608 216 0.0558363012969494 293 358281 4513 35595 50435 291761
1 103378 252888 221566 87727 55360 177 0.419853180646896 360 36728 438 12195 11979 39427
1 7547940 439164 794261 127352 781437 762 0.417706966400146 1505 465347 10982 158049 90234 433047
1 83603 3274215 22276 5261895 5002038 2270 0.0887598022818565 4086 4136948 6922 24821 28656 167730
1 562532 30088 63383 2045460 5597329 413 0.279246121644974 469 11765 1109 37887 26733 475807
1 430118 88209 1083585 111940 3946523 370 0.0978607088327408 1298 216157 4115 213428 199981 1308172
1 7313203 456711 7118913 2213492 7007426 233 0.121527500450611 780 72777 4417 48925 36733 499136
1 313183 469061 1754951 28790 4168435 211 0.405230194330215 3433 1388802 4903 15197 15891 145205
1 2864298 17178 10506 6659986 673009 244 0.0994137972593307 4756 1040759 11835 630482 345908 693944
1 1622968 76050 43907 3949922 926626 857 0.0938950926065445 1990 2155893 3205 632840 378630 402223
1 2103982 94754 274371 321139 491591 162 0.061202023178339 1748 674075 13075 58726 72617 4597239
1 91680 24770 994972 130339 27371 610 0.281364530324936 1265 5315494 3318 92515 49413 115593
1 676196 118213 147932 21057 70100 201 0.123809926211834 353 4971084 2518 105218 103418 1325005
1 158725 45906 43708 29071 1400088 240 0.076742984354496 833 4767879 3622 17634 21051 57402
1 8428163 1239297 493552 9414955 3065110 1382 0.456576734781265 44451 1261099 121179 42850 145075 1471267
1 360218 621850 7627700 59972 6046026 2001 0.123481199145317 5599 38322 6683 414016 150815 529371
1 121409 581602 155982 653199 11310 886 0.0583145245909691 2062 6199362 2786 36198 43339 98670
1 4270936 168279 609784 82545 382905 4933 0.102535910904408 6688 108553 20639 239095 264995 1894786
1 4110996 2940390 105482 30852 6974264 203 0.147137716412544 268 38740 1269 39255 19899 90311
1 337719 611074 11424 1821182 4499551 219 0.139906287193298 451 1011568 11237 517275 315415 578679
1 2652779 195083 1321009 32564 53945 958 0.133451640605927 3332 403527 5916 658278 452700 3332288
1 59912 172090 10274 290978 60079 211 0.133830904960632 315 184027 876 17343 26918 37187
1 3040663 44608 101398 204636 207085 181 0.201160311698914 897 46443 1182 223173 210678 930249
1 3032443 345912 235101 138476 543686 393 0.231385007500648 4071 2418012 16679 637324 702468 6363416
1 4824234 17337 612857 954140 137185 167 0.225065007805824 1087 2383752 7523 88540 41220 209302
1 1663995 990100 3711801 261453 2979652 259 0.471826791763306 3931 1921041 14392 359631 186973 1638705
1 254100 368847 22286 1355550 5226840 219 0.324484467506409 16262 241464 17334 114314 158907 608130
1 234975 23759 3753705 566743 157460 355 0.191361904144287 366 107284 1238 321094 133174 113240
1 1643197 832735 36710 662363 665865 181 0.101828418672085 14673 7862033 43689 299283 499007 3115437
1 1063842 2755691 334622 21736 219042 346 0.198416322469711 1035 152257 10525 81753 56863 240709
1 1303679 10680 760772 2439452 741935 890 0.0530346482992172 1230 1404588 29558 43391 76521 5162882
1 827884 932706 23681 396989 7881319 163 0.194563180208206 203 102278 13865 127344 99527 489826
1 4726759 17063 4596667 11785 42649 324 0.229582250118256 1839 4387749 3999 76386 80147 988848
1 1968403 6793061 90662 58130 1452359 1662 0.437529057264328 2410 215802 4198 601017 429590 648345
1 9522708 64773 262325 101601 6279442 1130 0.163712278008461 1639 1572806 4542 793834 445343 1561750
1 1275984 806007 12075 93645 344559 456 0.0961681082844734 1466 1048943 24748 56221 57441 1309315
1 2027645 396654 5045457 552300 52137 233 0.165859147906303 851 260281 2018 1228501 722435 2626326
1 489696 9767866 98005 4593514 46213 180 0.0889612883329391 1396 17299 2417 548573 324407 430305
1 390124 46577 4015736 615733 24760 2783 0.0953624919056892 2884 4232425 3993 182861 75647 298617
1 524666 489552 844544 17612 1155345 1219 0.0621553547680378 1461 925856 3903 85166 95113 116168
1 9915014 85189 71564 10369 193434 316 0.0988626554608345 1715 5441774 20466 92901 77917 1180580
1 1212672 41713 1183605 1686077 4067867 301 0.181462109088898 830 46057 1694 15453 7696 38990
1 1885646 82027 2051717 96857 4732741 803 0.0520128794014454 1062 2406488 1361 28326 26632 247308
1 6860754 2104430 651988 724286 8100869 1004 0.0598163530230522 1989 4921435 115843 83479 221971 2575396
1 6639490 12678 10364 2593578 52715 1754 0.136063471436501 4168 3218568 12936 658512 413571 2182839
1 4805074 593239 488861 188522 6385265 560 0.145248889923096 1570 359489 46127 768562 554176 5246201
1 1868776 926536 20133 108687 4011231 191 0.126599624752998 813 1740344 7426 311357 210660 1943416
1 198667 1115000 793133 1853878 343999 723 0.138990268111229 1581 30712 2609 193699 67218 287347
1 2518307 2256138 4120483 821898 24575 183 0.249695032835007 1956 4681744 2356 27333 19675 214681
1 2909669 887149 8519410 642121 358836 156 0.181545034050941 1914 512726 23662 94131 85673 543069
1 7531809 730961 11182 7861429 41454 1052 0.181205317378044 2085 273204 2635 42081 28140 368085
1 741316 21705 1668737 2306928 527053 351 0.464235752820969 2514 500679 19333 1572297 382832 566501
1 2632458 15851 260793 97261 6728390 297 0.155985176563263 863 3435694 4156 1492874 706805 3588737
1 6597985 16884 57657 1437381 5512938 263 0.169885009527206 403 5715582 16847 741800 298994 2087298
1 401658 14994 826130 6084252 94468 1520 0.0651881322264671 1783 4220799 2292 35275 17442 69941
1 472917 178821 13690 114792 1184109 181 0.251017540693283 7452 5083135 7775 25382 19251 111988
1 672143 141330 132644 860222 5664392 233 0.165277406573296 2870 679761 13772 456249 640910 240983
1 3115370 64785 5127814 301909 6640590 1602 0.084551215171814 8582 1081049 9018 757764 461058 5527217
1 1457283 72193 31158 1215521 1113816 1539 0.0831799507141113 2207 1651477 17476 110938 64769 307578
1 3082280 249942 706204 2020747 229697 250 0.0697824507951736 295 2521637 388 120805 58415 337956
1 2675324 100825 5666705 2001140 1769006 324 0.200588434934616 466 244700 3619 202045 159446 3271908
1 7477146 1944506 998595 297189 124557 171 0.150435641407967 4776 799034 8758 20108 20786 303310
1 1588335 27805 37699 92259 447652 260 0.0664764046669006 491 152585 4151 12444 17818 144520
1 342140 2195241 321878 2972219 1296398 418 0.149283036589622 941 5402439 9845 34793 36425 1020435
1 245988 7212577 209499 90900 65042 457 0.470215290784836 1653 12569 1748 481722 300310 336813
1 4077507 2786221 16036 18225 476755 433 0.265130460262299 481 97957 5899 89516 64947 1931857
1 104348 3481100 738312 396317 8210706 342 0.118921339511871 1315 2655945 2109 20198 31160 65854
1 312280 17548 11706 3707410 8822135 442 0.157141998410225 676 572117 5116 366947 123725 124220
1 480213 771488 4981666 199851 2484741 453 0.312346309423447 777 4186371 3737 10493 15959 296920
1 90925 184390 9195654 272555 703756 204 0.104964599013329 1587 99519 2024 79230 129932 41879
1 3283214 135117 107912 654934 1805025 1826 0.132039591670036 21817 95402 42815 645763 476002 1170611
1 2125055 32643 2755350 2683206 410084 652 0.284103393554688 703 10751 820 12256 7413 46863
1 437667 26511 1327251 102903 775214 905 0.249043717980385 1228 1428479 1917 20719 11465 151269
1 7246760 6975034 608577 66590 4122963 285 0.155966386198997 3061 1048469 12455 400685 419767 1734179
1 233343 19195 152515 3765103 198549 375 0.345630586147308 866 1914121 21411 267231 158168 294732
1 1678270 90965 162367 2040461 1782155 266 0.117830596864223 669 104485 1190 185138 93618 375618
1 482896 32983 666446 1913553 557407 548 0.219653815031052 1827 154892 3125 944142 457397 461397
1 4997231 76396 25215 440647 130097 248 0.48151046037674 2662 502381 13123 12106 22037 824224
1 596355 608693 14547 103058 311158 166 0.234312459826469 265 97957 309 842317 643236 938374
1 1066694 67926 1641020 3836634 2622494 398 0.0736968666315079 7940 20129 12555 208600 137905 465501
1 146298 1530151 6350129 31249 29873 409 0.225800320506096 485 33644 1934 17618 8877 48362
1 196615 1696825 13814 415614 210999 1544 0.150811120867729 3289 29860 4191 237660 107994 297668
1 5688058 993978 28409 14254 37113 371 0.483048170804977 419 227423 5340 15258 13393 128469
1 811064 4201150 257541 221897 1978142 285 0.130360096693039 288 9337055 4958 44640 39176 549289
1 471970 18430 13230 1038013 970307 206 0.0714677199721336 2513 19394 3555 80272 39317 452228
1 83019 77753 3738204 4138584 809206 392 0.245685711503029 680 214530 732 39790 14284 49577
1 334179 3053172 1189545 1195633 145204 1478 0.127309039235115 1897 3799884 3550 19092 11657 80602
1 766997 792030 96336 364753 119633 354 0.070534385740757 4170 1372708 4628 398369 237863 269904
1 9753561 104601 66974 1281259 110591 7315 0.0709784105420113 9769 601737 13219 12550 32492 383037
1 8988467 1184623 2908911 41437 206208 185 0.189512521028519 883 7779475 1014 197757 124459 388838
1 783389 133907 343759 8565254 390921 265 0.385970711708069 3140 1152335 12661 107278 51951 171591
1 1163713 1446602 1149184 313651 805680 4521 0.4373599588871 45483 531799 127543 12551 138212 2722123
1 337074 381088 69705 60486 1067355 159 0.282808542251587 448 5026872 450 54852 25972 152326
1 693899 121365 717335 6714741 1155739 157 0.307769119739532 745 16853 2462 631031 356780 225121
1 5058200 581707 1627741 1628941 205464 351 0.0555268079042435 4686 118009 7363 22661 31869 646633
1 5331501 1476422 214732 2205437 913317 846 0.0554020404815674 18703 84385 19888 31728 47529 2077480
1 8134860 741912 170374 2458394 408868 4834 0.0891730785369873 57503 6514790 102714 38490 149968 3262330
1 3921401 113627 4904429 298179 787097 757 0.27786773443222 1177 1696399 27684 653968 378638 723149
1 884815 861926 1512348 3806100 157176 226 0.0612685978412628 3022 1957395 22006 131632 149072 1449908
1 5001779 1249916 73983 1005032 854309 9663 0.0623073242604733 33928 5705955 271611 265578 503408 3286315
1 4857037 13913 475904 291952 1071693 920 0.113475739955902 2292 3557131 3531 35816 31947 153080
1 4023007 6437456 7449787 159951 416704 1419 0.0518973171710968 4754 4259648 7920 638374 522029 801501
1 159255 136378 43566 277698 3613342 239 0.153140380978584 3146 39496 3959 53518 25741 112537
1 1869554 2805312 30639 188041 641951 717 0.40663868188858 7190 133933 24335 636212 326602 849316
1 332741 5747355 27270 194991 10541 225 0.15531899034977 230 2293914 303 197375 89717 165519
1 260048 8381737 60407 241888 257870 160 0.430890053510666 1241 1697815 7358 149855 263903 198419
1 2878840 23067 17264 58213 655734 2153 0.235312536358833 4330 24834 7752 40663 38465 396435
1 552812 177226 3151343 1994130 799368 1241 0.259429693222046 2578 15228 4702 239375 260470 406134
1 9069025 46284 14865 209830 1641670 164 0.233450889587402 383 8790774 426 135248 123517 813746
1 226310 1663525 35422 931797 50935 1843 0.244249001145363 3379 1805614 4732 14507 25924 256776
1 3515931 1140236 10514 877960 161989 206 0.447302132844925 4139 853124 7463 52710 61941 554512
1 195287 2459093 4676532 4143209 136212 218 0.0691705346107483 537 112457 15308 46452 70207 116289
1 77110 261022 1187647 6152781 310993 287 0.067939467728138 4904 112293 5846 11764 15624 262937
1 2101537 52392 58143 14343 818544 156 0.0512274876236916 4129 258656 6147 626442 544788 1957476
1 5481055 582556 623229 3376498 92179 293 0.092734232544899 1233 2462480 2610 294978 317251 1535258
1 73137 182975 828148 68078 145208 240 0.137713432312012 278 2275656 633 24300 10469 31700
1 401280 77339 357409 317492 1144057 2170 0.477306008338928 6484 665722 33346 549759 395380 105210
1 745032 68001 401757 2199053 1147816 607 0.363479435443878 1582 352028 3962 1392954 480091 1227568
1 3047138 142001 2619500 53693 830435 291 0.108861453831196 729 102380 1228 83028 51271 552308
1 2619063 1191119 73674 6208487 1024738 343 0.0609488263726234 3271 34591 5776 72097 48715 173919
1 3310821 6938773 36296 1773357 114039 452 0.349428534507751 7766 142566 14056 80012 70706 437289
1 2882220 5545942 35190 180778 3417775 5811 0.263306140899658 50698 7140447 126365 509296 646090 1566178
1 1416532 45867 2917819 2651391 5439481 290 0.172904148697853 3590 35818 8134 94748 42513 236679
1 4611278 515297 5493923 70387 437343 662 0.129118025302887 6804 3218557 50403 165883 265874 1604727
1 5412052 287205 101877 749859 6558233 995 0.0756734758615494 1220 7093160 5327 216067 169820 2929309
1 1203029 10281 1724201 1201782 7204524 155 0.173091232776642 284 748022 3100 35703 30885 299093
1 8865897 64658 73789 18779 33444 1430 0.111797608435154 1942 7107471 7044 101609 102150 3510881
1 1495125 636693 424043 776024 9750169 2094 0.07779660820961 6652 6624714 9605 315224 251691 2052445
1 1776195 4171529 16844 951835 1758645 378 0.14522397518158 3168 863466 13156 721658 300772 491306
1 2918930 11287 530313 407127 2497444 224 0.467185497283936 340 12242 857 175229 207808 3335996
1 560450 17735 83844 239152 85580 371 0.288928091526031 993 924416 5410 49137 39566 1530951
1 1207738 45214 5377052 5069053 132377 438 0.449397474527359 555 47489 1007 118237 52171 130481
1 8799085 1141226 172329 178588 1089506 285 0.114881075918674 13114 138905 21456 997040 470591 4267804
1 324172 1407696 53535 179553 1506427 509 0.125527665019035 3383 20342 5502 113071 47611 144281
1 2963843 1450036 395019 32088 5178249 178 0.166640624403954 576 213495 6366 745131 518967 753228
1 582760 655442 24115 314654 234408 153 0.218393102288246 7311 1726086 9484 47624 79395 951141
1 7171434 3100950 11637 1162861 219853 578 0.0908065363764763 5326 8186701 40215 630375 583076 2533521
1 2688938 1478009 128596 52865 1363348 453 0.0564454458653927 750 102877 9394 280672 270703 726912
1 2583099 52543 11213 174830 1290434 265 0.0587972514331341 489 1904313 1216 18851 15462 855369
1 102288 49686 2976550 1634442 1447898 822 0.275834172964096 7406 6596014 25227 124384 112878 139972
1 5800018 10811 5356939 32465 173211 154 0.368109226226807 473 6348705 4860 186665 89387 1217792
1 2372685 6010114 12020 6752954 418283 189 0.329569548368454 2542 260353 5928 157843 194943 657315
1 1937056 16934 46117 54859 282808 1464 0.340009719133377 2014 1954269 3595 953847 369178 354058
1 370575 17510 37687 3402260 11190 231 0.0876420736312866 271 9389677 403 20714 25746 757654
1 165896 8835603 23337 1718754 2152433 522 0.290735393762589 2628 384162 2874 17979 21418 371274
1 314728 33539 94757 9153615 686073 163 0.163570761680603 239 3566540 1533 328496 125251 171607
1 3997007 73548 436885 40135 1400764 228 0.258994370698929 457 37609 780 494049 612271 2160186
1 3016934 273205 1382106 1890979 590988 612 0.0677147433161736 956 51770 2068 29217 18743 280551
1 742127 44956 13020 361999 1771232 187 0.0929082036018372 14374 2273034 93698 19417 117697 753979
1 996219 428793 1435031 1765373 4495336 2208 0.151875585317612 24710 342753 68619 25023 86110 2238679
1 2117969 3128953 64324 5485433 9595181 171 0.11522513628006 754 785785 6320 34117 35991 1441270
1 67881 17006 23265 17942 49581 484 0.0981613621115685 1034 14471 1601 23796 26468 184774
1 1636567 444706 3765782 17237 442126 472 0.183552116155624 893 40681 5599 85190 78707 787433
1 5508547 4260604 435403 503459 1098246 1298 0.0831787437200546 11279 1354557 41598 108002 91115 571745
1 2983995 80179 246640 513328 112825 9057 0.269263327121735 10441 406265 18562 66486 56057 161226
1 3866636 36913 11084 27619 64743 669 0.112646989524364 1081 15837 1241 356141 436877 1072787
1 369992 54112 2276748 41458 103358 319 0.217887580394745 1062 256038 16553 50790 50994 120775
1 2912643 4586145 109818 1204857 1148889 332 0.305596321821213 726 687701 2478 204876 169849 1810916
1 36661 98687 3668715 56183 156052 456 0.263559192419052 536 444262 924 40891 32024 62345
1 8863539 597657 48345 59756 72401 1229 0.318578541278839 6721 40536 7918 147044 163948 6925432
1 289788 2735020 3285774 121762 955367 275 0.490873098373413 1147 8845254 44361 126474 152973 877092
1 1459539 86972 62993 27525 20608 838 0.313390612602234 3566 658062 4787 35795 40877 128090
1 110346 300536 40028 47380 988651 807 0.225999921560287 1461 742605 9289 86621 62289 141765
1 686594 875197 7514644 781947 2594033 1937 0.0891247317194939 8838 487775 28225 38690 81167 3213875
1 5597752 17879 722002 461803 68364 309 0.351736843585968 3897 423312 5666 16268 21414 6246362
1 2704825 1415858 499259 921280 69985 324 0.466445118188858 1022 171087 1408 299676 300353 1083943
1 293977 1570960 29184 32311 88685 475 0.139205649495125 3196 194729 13675 26314 42066 908713
1 251608 3180941 310367 3620409 405211 359 0.208631470799446 3147 9250652 8833 38809 63337 898511
1 5156922 1197083 2558543 1088384 2298215 1213 0.390089064836502 2442 6133132 9101 614446 417682 5487681
1 1139172 3211677 268049 20262 264941 176 0.39299550652504 327 1253882 1935 92122 35836 179473
1 687024 4184789 3771624 164397 166865 1650 0.429371029138565 2838 2222182 3102 25478 21608 578883
1 6804787 231806 78843 84204 2403615 1208 0.0936783477663994 2121 3685457 9724 59480 65866 851100
1 279528 16708 1217084 41713 128501 459 0.0754367038607597 508 7100215 1629 315080 119184 124945
1 152660 855088 289912 3318163 586262 218 0.43566107749939 461 558777 489 68196 32023 43975
1 8365001 355513 2121833 571888 440995 1772 0.260006189346313 17653 1006907 19908 209893 258330 1097579
1 212265 224652 273584 3042621 5274816 187 0.386772304773331 343 16581 930 89943 50844 208189
1 253506 234857 1866045 6416083 507698 267 0.285784959793091 374 105933 1850 147983 47632 133943
1 1889864 2419797 112132 1301678 1034473 2505 0.0828411281108856 7640 5223055 35371 202843 151347 494160
1 950526 58702 2626216 12253 1591788 569 0.15501880645752 670 566732 1842 587232 212598 466287
1 544223 151209 2382675 431688 9867329 281 0.16005676984787 928 189455 4953 655496 696251 187733
1 1056204 26199 4196709 1924245 44523 2054 0.286120742559433 2525 517443 11582 11916 18233 134222
1 340985 3134476 2066680 8207849 890278 184 0.244191735982895 207 1068673 490 25159 13843 141440
1 2094486 23182 35618 900347 112105 206 0.0912328138947487 289 82720 5567 170081 150965 972841
1 8304401 18815 148099 30755 410934 231 0.125580042600632 683 138701 6025 11148 13072 3512972
1 7267451 187087 59987 3405448 5376113 154 0.160390764474869 306 133675 582 429906 243298 1518209
1 2976268 7264993 11657 1401457 144461 201 0.11205929517746 5678 453584 7452 47946 51133 372186
1 2731618 208073 172862 7219618 1201955 163 0.325624972581863 812 53205 1198 138288 142577 710542
1 106738 2502849 880147 267086 905248 221 0.0851250514388084 462 373442 748 28581 41311 57972
1 952102 135902 8781834 9839870 17643 818 0.469534426927567 1009 21871 1091 12990 14423 179400
1 930778 2110278 126059 6147453 814979 1254 0.464355677366257 1491 1545649 24185 93955 73841 1945603
1 88118 150954 37485 91321 105291 405 0.143736973404884 710 48789 1495 42668 65029 34207
1 922233 20833 18449 5512425 322194 572 0.342758446931839 851 7431154 1345 137370 52440 367085
1 6967928 786960 12504 131482 160560 597 0.485530942678452 26326 1796151 43493 48385 108624 2082676
1 1143256 193394 276932 3782145 16663 889 0.135315924882889 915 23553 1138 48475 26996 354952
1 9691998 5052368 224213 1229440 818186 906 0.084842249751091 10341 737557 14877 48341 33757 233447
1 755067 1105216 39992 8441839 9610200 1318 0.0595911927521229 8862 2171489 8992 92856 130782 927689
1 127530 19906 1330245 1406807 589656 161 0.213739186525345 162 1066490 12608 18977 34048 616328
1 3277061 5979167 332820 637418 489041 4520 0.0773103386163712 7522 531342 41363 41547 73214 422664
1 159172 2883540 27475 26169 411274 307 0.0580409504473209 1255 171338 9420 88136 141983 100930
1 218760 14667 5310567 3588887 26077 157 0.160625427961349 386 198511 523 13631 12382 212505
1 368069 34544 94172 37717 344937 470 0.0653107836842537 651 643545 15412 504396 169825 478448
1 3456650 2382165 46755 1813531 156833 378 0.0679439306259155 380 85628 3885 116978 98276 354336
1 496654 117527 21383 1288265 62316 2445 0.0753019899129868 3107 146285 5498 87426 72119 944613
1 2907695 36514 9326320 66642 173076 1595 0.1173300370574 5103 90336 15871 34644 39898 128773
1 561007 231384 43458 290582 1074769 328 0.139341071248055 834 40674 4686 130258 69186 194035
