scenario N1 N2 N3 N4 N5 ta raa t1 N6 t2 N7 t3 Nanc
1 621674 112317 109593 63346 150857 4492 0.19628731906414 22462 200334 58211 208017 196943 13670060
1 519184 141433 94363 89851 77193 5435 0.106408499181271 14867 446231 45834 146485 163066 13925740
1 505141 196579 197080 70004 153805 4969 0.197429329156876 30625 351894 74750 249535 197664 8255639
1 559132 148086 194591 79383 75922 2735 0.225936010479927 22383 81254 41028 155564 167729 9590762
1 539645 442493 176198 114336 143781 7799 0.249150037765503 18645 346439 122375 143889 199819 6553263
1 534053 169057 174585 63061 61047 1902 0.186720594763756 13927 167501 67359 170311 172494 11445964
1 582302 150253 137588 58442 85832 3378 0.156213402748108 24971 93263 56905 386989 197471 11435157
1 510441 117242 122428 120924 112262 2772 0.201153352856636 21863 138735 50475 134544 189326 8340208
1 654846 111353 54952 107093 104478 6203 0.0878472700715065 47206 94544 51583 208190 196278 6856679
1 529443 616779 113138 65640 80207 9787 0.113190434873104 13266 289232 60607 120735 145884 12393931
1 527533 131182 111190 162677 113823 460 0.242605060338974 30770 473614 93547 106206 198633 7719963
1 677924 145146 109354 137330 180201 9719 0.0921738147735596 22036 134668 81610 229338 182099 12351133
1 619605 236359 99566 161760 63816 474 0.238350450992584 15017 253131 70818 144103 197920 13529315
1 510031 468865 66323 66892 123152 8878 0.0508027523756027 19089 246705 107030 102466 162576 3962868
1 647179 206370 59314 98015 52880 5373 0.0934130400419235 22604 162032 41170 315339 191503 6298724
1 644914 581872 55947 59616 79130 5887 0.0888043344020844 24205 156814 126326 153501 193740 11253135
1 559732 175646 64834 70034 56151 2944 0.180146872997284 27720 224565 32087 236743 196908 10226686
1 534772 231799 140912 90935 94305 4849 0.206355959177017 20763 170273 61702 120109 119619 7334893
1 506548 149184 141969 117327 57279 8250 0.238108336925507 35425 84806 42510 106531 125291 5074242
1 565587 211896 162887 127453 98385 7152 0.153635963797569 27000 105649 77560 389137 192232 5203892
1 672419 394373 134012 84846 80391 3683 0.113062001764774 20477 328027 104923 101524 178624 8916914
1 514910 155146 186884 75913 107279 3710 0.131380692124367 27166 227892 74904 97388 165914 5042663
1 588830 144211 180895 94479 54417 8083 0.0748467221856117 30833 204538 95667 107947 177850 3850374
1 741390 274377 57875 104860 83073 7756 0.0814328491687775 12306 430595 131629 60681 165163 4051521
1 872777 129277 67045 159136 177432 5450 0.137478142976761 58370 51221 68133 82228 133299 13299804
1 697931 162231 109728 64116 70465 5781 0.211982995271683 26886 480388 72865 403324 181444 11417046
1 670238 100388 199912 61145 62744 6953 0.143438816070557 16719 255311 31934 104851 148907 14155210
1 808399 357307 168845 143503 159309 6954 0.2187140583992 23214 419278 172712 64941 195383 10834112
1 806834 110166 73951 73040 159702 1475 0.248298287391663 17742 255683 84949 106852 173749 10757716
1 621635 160302 104213 61550 147472 7455 0.176879748702049 40732 219015 80759 180013 195268 14555411
1 525582 267514 186318 155382 101173 4031 0.0897427648305893 39652 258765 59334 82223 137702 10969494
1 539559 107125 122547 114596 153212 3502 0.192104399204254 58683 164851 72098 101151 146469 6327280
1 917309 193694 177212 145766 130522 9810 0.0921667143702507 49654 313249 133272 72950 163215 11799915
1 862568 659699 129476 57718 87419 6466 0.182316735386848 37510 149276 72659 115483 191273 14126241
1 724446 135375 99114 139045 145102 643 0.242215782403946 56056 474355 66348 237913 186199 8582494
1 677904 440223 134985 114477 158795 5311 0.0853995531797409 55950 169907 122049 80825 177710 13048033
1 612608 144734 75067 196338 99941 5710 0.0583107657730579 39638 482269 67413 217461 149880 5463545
1 590321 608466 84143 171774 106600 2624 0.155245095491409 33053 268190 103814 225401 196296 9411706
1 557787 345613 63757 198432 77970 2074 0.235755428671837 36128 194990 51834 235567 169879 13176132
1 651495 132538 185786 56288 85006 7722 0.0785080343484879 23800 460626 61273 139307 135655 3821979
1 546909 172281 123968 138632 111328 6138 0.124612398445606 45137 294798 112316 70533 162029 3912549
1 525793 106768 121471 54123 82210 4010 0.0503226183354855 23795 112510 54223 415455 173411 12456950
1 716584 756259 79462 105488 65648 6684 0.104802869260311 15992 296352 48757 121024 181391 8963840
1 547710 279914 81037 93155 142750 565 0.139551728963852 28402 205142 89323 77160 143483 8691762
1 639969 122810 95429 86560 158282 5822 0.158722966909409 19590 187017 38091 285936 197304 13090966
1 779914 216567 112910 73068 128779 4005 0.200216546654701 31641 392301 63904 126569 170099 12516881
1 525574 201525 55319 61570 51067 4075 0.11921226978302 14856 56127 23161 135598 138989 3321635
1 597190 577835 51721 75514 116156 4010 0.239610210061073 59881 307741 118234 79916 187874 7109743
1 560618 116954 117251 111546 120696 911 0.119471445679665 44504 108348 67738 114074 138245 13012982
1 668116 354732 100751 58210 182142 9528 0.230490863323212 31337 258733 90328 134509 191301 8329163
1 700090 136905 134552 103311 51181 4083 0.158981919288635 27507 159765 50240 74317 128581 8725546
1 501920 321809 63340 103268 91812 6236 0.0695610642433167 32621 56390 60499 209918 130103 14504391
1 691559 196340 133321 94590 184887 4908 0.194985210895538 54622 256661 60880 92520 185271 12136301
1 664514 271411 85919 197131 68904 7067 0.181399777531624 21607 399486 61306 71308 142573 4262799
1 726292 194005 95399 69332 57199 9531 0.159901469945908 18886 193531 125695 96283 169178 10128837
1 510893 141481 96826 165100 161206 714 0.183723166584969 21901 454109 56096 110188 141630 8144126
1 693396 206414 92239 88965 52335 3608 0.184501633048058 28479 257276 97218 75393 134550 9596083
1 671161 113858 102810 57067 59669 6724 0.148032084107399 21899 264618 50942 102938 108080 2289336
1 526222 175865 78762 190221 52416 1151 0.0505911186337471 9511 78854 36783 237966 154401 11135367
1 548426 175144 89404 74403 90038 8662 0.160585984587669 15754 435002 58421 65538 94097 8957993
1 607762 281193 50761 194550 51353 2672 0.0653063505887985 12872 121008 35478 140839 187354 10180796
1 556127 237485 60517 98700 94488 645 0.158846467733383 38547 218369 96276 79302 146263 5419089
1 629074 164333 77511 122160 59422 3391 0.187888458371162 23895 124624 79797 433205 178567 10125140
1 531219 100638 190730 143943 77966 3445 0.0595692098140717 19318 387249 77855 131957 165302 10933045
1 566813 105408 67693 57505 94275 2162 0.146552607417107 16443 110276 50663 375665 154963 3610808
1 569291 552298 61364 183653 87698 3139 0.0668351799249649 16899 213999 57832 107162 171106 5622479
1 796897 103008 104984 153646 195101 404 0.157423242926598 51422 81973 69164 94780 160235 7077132
1 527464 239809 75066 168463 148840 7950 0.217598661780357 19152 83359 46086 98616 126207 8970118
1 557149 141162 66117 117417 61936 3398 0.1620953977108 3983 128468 73333 221456 169979 14336275
1 542554 487364 79948 77452 104482 1686 0.0806961357593536 42636 282164 104253 122884 181997 14115390
1 535082 142466 66241 104745 178066 2636 0.210708484053612 39148 230983 53612 90404 136739 3144434
1 696691 342024 74127 57339 113637 9991 0.0837265327572823 30696 72364 48276 77909 120712 12384996
1 603253 140119 136365 57064 100606 2612 0.168849483132362 12826 312795 66123 246833 172255 4218557
1 558373 301343 112494 61726 118107 5962 0.0895485654473305 11435 84250 27975 128152 168192 11960220
1 753729 118392 89376 72903 50006 6767 0.149720653891563 17690 78398 23446 143311 112442 10228135
1 560920 269050 166444 136529 149800 2238 0.243909299373627 42392 367383 61124 301662 187376 12892842
1 738852 427111 54122 79495 196181 1366 0.210141822695732 37850 439950 106856 103585 191071 6366166
1 541750 243524 55329 78323 125979 2165 0.173049554228783 16095 71446 42279 147019 154587 5827497
1 538199 706394 58266 112449 184967 7906 0.228941291570663 31136 199202 72844 229365 184536 3919599
1 890485 146532 168450 75972 85121 7002 0.241995930671692 40759 496066 62634 355331 189789 8287200
1 603194 207486 68598 146014 142356 327 0.136685609817505 47996 213729 152683 69021 182816 11993348
1 882926 245028 108714 51658 60702 2320 0.184812977910042 8536 315616 90669 54148 153686 14489083
1 570194 186441 190265 94154 112457 340 0.109504170715809 29877 158593 88271 56093 124135 6684341
1 828257 162034 56843 75070 58014 2580 0.178353741765022 12418 439342 62474 90020 156958 10971042
1 800291 165077 54042 170524 119738 964 0.0854997187852859 31647 290285 111976 234005 184026 8632110
1 537797 458464 168191 93721 73797 6913 0.204519346356392 24938 358931 59894 131481 174602 4637855
1 521593 150304 68702 90390 127122 4419 0.206494554877281 8956 100289 54069 70858 116370 5586697
1 558806 122950 135771 63403 51152 6037 0.1584442704916 10518 422419 18782 246197 160778 8923718
1 613280 105240 53570 98262 155799 3376 0.103228077292442 57123 74212 59512 73966 171550 13144604
1 780800 188748 86652 189398 121924 4318 0.205866068601608 18357 157818 95767 80344 152035 9305186
1 780013 193459 130305 68234 59746 9199 0.133679836988449 12805 209194 112059 108265 149908 6715589
1 677734 241865 58006 157812 56530 7115 0.163395285606384 47268 373948 87123 137580 171180 13878449
1 788076 167032 50052 194802 70218 2142 0.172046631574631 19359 275441 88136 121429 191286 3632295
1 700551 215706 150830 161671 100269 8257 0.218859359622002 72120 314796 76623 138716 168308 7067340
1 518654 308870 77744 59276 158065 3016 0.130489841103554 14454 107059 54277 475110 198374 4187168
1 797157 207678 70653 61730 61581 2761 0.111907452344894 17871 150920 31923 203565 186917 11928281
1 647650 525117 130468 121801 69242 6507 0.1893570125103 18789 59065 36175 132386 139884 6744618
1 526692 217430 103545 117665 195889 8963 0.0730273276567459 81449 84321 128529 50340 174462 9587826
1 526296 401862 81271 87883 116413 3795 0.208711847662926 61233 271806 133430 51290 169320 9888129
1 692582 253038 105982 64702 59833 7103 0.240634202957153 7450 215734 29882 240136 190467 7348250
1 859337 113319 59941 165602 86719 6906 0.13188835978508 53188 177288 62368 79777 134328 5032538
1 503710 173856 117396 160522 170287 9015 0.055329792201519 9857 271052 30222 122706 153194 10203174
1 506640 107799 57910 62580 158305 445 0.192844048142433 5366 261055 51081 152043 178066 4771405
1 633414 271361 66191 133707 150869 339 0.168960079550743 29750 98965 46300 156158 197262 10718316
1 571911 527351 193732 72053 86635 1159 0.0917353630065918 9663 307705 71156 127752 197848 9058775
1 653681 135690 163562 163160 92225 547 0.203986942768097 47830 330890 89796 75426 168155 5175634
1 534092 598973 102580 59169 70959 887 0.168571397662163 22376 225933 95907 58532 148325 4771703
1 531837 178218 100629 197291 128521 2665 0.244694039225578 42111 216349 52667 277363 171300 7364978
1 569778 219548 189555 70304 72437 1327 0.24667327105999 34094 180935 77792 75759 118499 11827453
1 512564 554231 109486 88169 83371 1307 0.156701907515526 16731 126546 36691 106258 145374 13477515
1 782737 102862 62262 118361 105549 3902 0.171132832765579 13287 334084 105317 111732 175986 11036290
1 929933 304017 55688 199770 91433 893 0.215151265263557 36026 213017 113733 75461 158339 13864433
1 841932 130189 65677 57895 54680 7667 0.172373533248901 10089 355396 30973 151050 155568 11830824
1 564280 424953 118694 134413 54523 8414 0.123391024768353 24016 399235 93183 145682 175603 4813409
1 528722 100239 50363 138373 71039 3493 0.230106189846992 16107 100273 55601 209642 119133 7252925
1 510395 458413 90726 123526 101166 2652 0.0694925934076309 20431 320626 60421 117730 164294 5156639
1 572133 157911 82615 75240 50869 3967 0.111455336213112 35373 225270 88770 82797 137676 4394912
1 670680 175440 197082 184659 171429 9439 0.247656926512718 13868 69795 60015 211461 174034 13039154
1 702032 579608 129016 63784 144359 8085 0.176398620009422 19268 210889 60431 116326 157583 6390098
1 546999 803034 75257 137586 194986 6568 0.244945615530014 12101 60991 23227 116837 160674 5923536
1 511466 243721 165491 103225 143171 5858 0.0672641471028328 29139 79538 62032 188737 175029 2852939
1 559100 107640 73846 124450 53671 792 0.215701252222061 12531 319025 27274 145220 121151 12466798
1 575789 153814 52926 142834 77939 9815 0.129356235265732 40589 272887 98144 113050 135415 7747709
1 567549 135805 53643 191513 70952 2105 0.190012976527214 15819 372676 63474 282265 166104 4513249
1 715531 728968 107130 89498 79249 6199 0.236764848232269 32003 127130 76633 186596 166317 13747339
1 790052 138744 116997 154838 139510 2728 0.0749582722783089 34699 102388 67291 110016 193135 10614338
1 527604 145190 114675 80123 95933 1967 0.246961206197739 12495 115488 16473 182317 180528 3528935
1 655121 216967 133702 60218 179277 2973 0.117259994149208 38882 175507 125469 117285 193630 10721205
1 801067 182146 160066 92582 94448 883 0.0907766968011856 39109 294176 97757 90456 196528 12244305
1 516264 428159 95077 140202 60535 360 0.197382166981697 5013 200117 83970 110154 194983 9758857
1 633856 226020 68576 53460 78156 1935 0.0501124635338783 12209 209242 49870 430636 171890 14895111
1 726703 114778 53943 91214 177680 514 0.106814861297607 19653 132006 60061 169670 145733 7926368
1 511726 164217 72963 56597 50227 1058 0.246381878852844 17599 76404 27729 91285 145945 9568919
1 555188 294782 98174 195144 83962 5118 0.0724955424666405 29172 71531 46409 71669 99469 10102384
1 782294 105186 65682 139966 71516 2129 0.161318272352219 19676 85092 49011 138083 158393 6360658
1 630005 324404 163438 63823 142990 338 0.240417629480362 10151 94738 38764 149456 171685 9705909
1 669961 344684 90614 184545 74818 1200 0.230104804039001 52145 54121 66264 94353 165851 9066541
1 510519 208304 54762 63412 132364 4626 0.232529357075691 23306 141655 25149 105691 93790 6898077
1 824329 214979 74947 150842 126949 1778 0.240138754248619 20913 114079 58753 167782 185126 6860482
1 895086 181561 146744 59983 91012 9709 0.214162915945053 27756 401489 100577 67906 147514 6599768
1 602519 315485 52934 178852 82634 5388 0.184787034988403 34941 68936 80650 257560 167870 4962390
1 534810 125692 120737 67129 118572 2359 0.223548099398613 53613 73454 58278 260598 188570 7875348
1 671949 706423 161557 67388 71353 7957 0.16714134812355 21912 422005 97603 122648 166725 3821358
1 657241 493823 134980 59210 66308 1017 0.131189972162247 19738 266713 110113 125260 166940 10554017
1 604293 410063 167585 57184 175654 6944 0.140551760792732 41037 168350 41220 154208 185512 5070560
1 548505 253081 93074 65204 51082 5047 0.182178840041161 16420 67565 61103 63771 115440 2560312
1 543758 235052 108976 64484 107441 881 0.0908836722373962 7406 76541 35700 215214 192756 4628145
1 562864 101995 79275 79577 193462 5720 0.132956519722939 12128 91522 17891 122593 180992 12220198
1 958804 153857 53301 98839 196820 4118 0.108400143682957 12444 328460 91798 91585 153985 4645496
1 910182 135528 99913 146232 153818 704 0.238363847136497 54313 484740 80782 312248 197252 12236159
1 625559 126296 132296 168716 54424 6555 0.123246468603611 8669 350961 53381 215784 160589 9910060
1 558822 245161 145953 54267 62141 429 0.130251258611679 10582 121746 44692 128147 190115 9010872
1 725555 493431 75451 58360 74194 7341 0.100892789661884 14830 410809 38686 235121 175780 5379307
1 554770 352280 126100 63063 96683 305 0.245839491486549 35014 81519 44468 154666 166121 3649270
1 605571 387065 71536 160532 120894 4977 0.22357402741909 21887 223030 113717 100935 161194 3499355
1 524910 193296 73970 55794 58509 1019 0.120342634618282 27231 168116 58215 82015 175239 13547679
1 775360 189062 64290 101766 178399 1985 0.197833925485611 31149 340010 93653 86716 146075 6112682
1 694755 201000 60078 99367 158481 2247 0.164949357509613 28715 152634 82463 84356 164004 4650841
1 670025 164392 92016 165364 194987 5877 0.0821743533015251 53970 485183 55151 99762 112441 4798807
1 575061 130460 127284 143824 63915 1120 0.160027176141739 38609 111142 70718 284883 167432 3135107
1 918875 143918 95072 99378 65919 1970 0.150825440883636 7044 372571 108135 106678 175174 12385855
1 513850 627753 184530 143202 55212 5052 0.249709948897362 21565 358652 59205 269443 177073 11898932
1 565717 359508 56353 72580 184290 2171 0.241238042712212 18670 477189 87052 64385 168748 10013309
1 542059 262301 174551 97202 129726 778 0.0871652066707611 6792 155103 86481 103548 165307 10895000
1 674076 124522 188844 66803 82345 395 0.195155620574951 16222 83720 28259 393690 197706 10055782
1 837362 235888 70242 170259 106850 6252 0.105088457465172 52775 63291 72958 222239 170406 3234932
1 785349 113219 55505 88023 54833 7285 0.132724314928055 13874 62318 16878 320751 176283 10393588
1 603945 189367 129135 162116 117602 2239 0.096960112452507 17672 138238 53761 211119 162174 2897638
1 507377 987635 137521 108678 90192 9260 0.110598750412464 15181 232655 110817 54916 191714 6241618
1 708655 107438 60430 91977 67485 316 0.114837728440762 20698 285076 62490 78644 120393 14307839
1 812483 300053 77274 88103 194785 964 0.230938941240311 31388 132631 99553 72037 141182 11287505
1 625735 129966 76552 71269 88341 316 0.17544037103653 8064 85950 27908 194615 173398 7604359
1 530084 109739 178696 143780 82826 1988 0.128581821918488 15813 391601 123048 105440 178223 4709156
1 812840 121893 52722 62270 105899 474 0.1426050812006 8588 154344 67591 234902 189571 14742721
1 555044 116735 63121 124021 163342 5861 0.174434781074524 9444 163532 15218 218324 157744 8871923
1 767082 391280 73292 52194 52061 4241 0.162048816680908 8826 137315 69878 89822 122637 5602701
1 507656 176945 65272 135370 142605 6736 0.246582195162773 8871 85497 31834 254901 137769 11156599
1 500747 126343 72199 71627 167897 2925 0.17808598279953 13638 62430 28312 286905 148299 6152048
1 557622 160913 66601 156070 95605 5519 0.191760390996933 11271 266173 132703 94290 154116 3546000
1 667829 204120 82184 140435 168043 2805 0.244280353188515 21007 190403 30946 153974 170469 11109381
1 713252 242494 116182 77862 51020 2989 0.0678493902087212 7059 138215 47181 127836 165575 5613727
1 987209 133301 176306 92074 188547 362 0.247558459639549 58079 79303 78062 60431 132055 13893244
1 620479 102715 145830 66759 115764 4918 0.131627544760704 42617 484285 68400 453818 173677 14949455
1 557337 351587 73079 91294 161568 6822 0.195498004555702 17185 298350 25750 242029 153752 11419827
1 661632 930532 67930 122513 145647 6316 0.106318019330502 60603 439192 82558 117647 189915 3190138
1 560918 214277 80429 88090 59653 8901 0.0758800506591797 20493 343206 26444 78726 119922 3541719
1 666031 150066 57883 90301 75672 4123 0.0569159910082817 5047 54131 11606 150074 186251 14088502
1 615273 139441 65759 113455 59976 5727 0.186019107699394 7971 336893 42647 114377 131266 2706433
1 694104 148176 62173 67521 133145 1593 0.219290137290955 31904 168893 115015 171430 174313 10461241
1 533172 963564 50548 68194 139073 4284 0.0813931524753571 28244 362270 80020 111692 183345 2439996
1 756671 568194 76419 148817 117324 2760 0.0788065493106842 34991 151512 47711 165366 176921 13604614
1 821772 173169 185445 61400 63252 4076 0.119795128703117 8570 133067 27741 208279 198840 14196641
1 661325 165535 77315 68849 84946 2123 0.124315984547138 16438 139456 29486 111871 162114 13682877
1 620205 132073 66631 52623 85495 8584 0.198713347315788 24045 179602 35674 109347 93495 6152220
1 536100 570303 87719 88233 133837 1474 0.24934233725071 47060 284364 104902 93647 167169 13181544
1 522801 164500 198150 68178 61650 1566 0.174194902181625 14798 56842 31122 108994 119446 2330394
1 575524 450623 71162 63720 179736 1249 0.213125765323639 18980 92603 45129 216967 190883 5179046
1 553258 213975 143243 77239 147781 5398 0.0507424175739288 17376 443970 30962 252687 185427 5303459
1 533198 176813 88992 52611 98436 618 0.216992318630219 11545 440001 31465 128806 130262 11429545
1 835213 280187 56477 66569 193498 4802 0.156219363212585 26902 193614 74659 177156 149973 3036740
1 559517 165539 129605 143726 128594 6679 0.121847853064537 36973 81488 54010 69032 79328 5870213
1 612031 209240 67642 88334 161649 1614 0.135488167405128 30877 497305 74902 53690 129319 9611388
1 565327 264748 167948 159776 88315 1034 0.143094673752785 14226 65958 39431 220082 172704 12198675
1 807558 157351 64396 86955 170616 3665 0.2320307046175 37664 56000 62385 363665 182442 2989051
1 529198 119136 112575 148383 76907 529 0.165255308151245 25256 149450 54608 419600 179731 3858767
1 587417 152077 171971 69322 140155 585 0.18419474363327 10557 98551 19769 242568 190051 11022294
1 745064 136282 139494 156050 76319 1434 0.114824995398521 18710 237853 65705 72224 163127 7634987
1 765173 164966 118385 117907 65003 2737 0.158644527196884 22368 231538 112180 50102 156527 3396480
1 506647 805997 144384 107936 69521 404 0.10855420678854 18078 66260 38679 187811 151847 7608476
1 582247 179964 66559 50646 142113 3001 0.123395822942257 39457 347550 62477 141306 188050 3215765
1 656442 198597 87675 81828 114532 2278 0.199989885091782 17312 410882 17810 164976 174162 13942637
1 511504 100858 133643 82500 186610 1567 0.0815628543496132 15030 210550 37649 434204 189354 6845282
1 503472 201778 145644 179945 90160 3100 0.214039668440819 26321 380968 82061 350794 161921 8419959
1 580051 326831 82939 124606 199250 552 0.100634180009365 39949 79628 53637 146736 186197 10133274
1 944692 124702 74764 97570 83264 1076 0.233464434742928 38694 258862 88883 56808 139152 5640641
1 548899 625531 184376 124687 75514 9954 0.114105559885502 44475 354326 68349 121689 192330 3112582
1 519828 806491 121141 68485 106569 6074 0.0564438663423061 19745 164357 65486 333228 158816 9585377
1 630463 168764 116305 62891 112142 2736 0.169324889779091 37095 311826 109120 53448 155169 2984040
1 554027 367174 71315 67252 84383 2860 0.222679525613785 26653 202607 28584 198998 164801 6587573
1 543029 110008 103487 68802 59451 3852 0.237724617123604 3883 237669 45006 278139 153991 13602110
1 688778 193600 75642 54174 62904 1678 0.246540725231171 17052 158948 17659 261163 178911 9578937
1 572399 179620 149372 56374 99532 723 0.12485259026289 17457 162504 28799 399321 184267 14565191
1 619500 164856 180289 161123 140923 346 0.136378824710846 7476 77505 51804 177465 192540 12151886
1 524996 286621 150765 51322 82600 6543 0.173323929309845 17215 216051 19193 156998 130473 6150058
1 902917 299865 58153 100457 168761 5455 0.172518938779831 40251 283687 40573 216519 195766 10376770
1 965484 149887 152466 112893 138399 4559 0.18570850789547 27031 77167 77096 173259 175393 4907148
1 891762 152341 77133 66539 103397 4765 0.164890795946121 13551 102637 64436 72173 103875 6605742
1 703523 487588 60886 123367 128847 1582 0.0649107992649078 38308 127477 77125 197259 153225 6243724
1 558563 373948 115118 100507 63424 4387 0.177531540393829 12402 271314 29439 272052 189022 5219116
1 892007 426842 50863 120062 62107 3607 0.171978190541267 17908 110680 56280 98749 129654 4034758
1 642867 119488 62816 119225 67508 3900 0.0688564702868462 10711 355250 79536 195121 168342 7940179
1 545525 156455 81828 196729 106227 1351 0.245754435658455 20196 179808 92418 178580 144925 5512463
1 587702 282114 60932 63858 71199 2620 0.11234200745821 6444 51797 32804 114503 186299 8289364
1 589394 936405 127684 74859 170114 2631 0.0584053806960583 17220 192719 30073 349880 194181 11753717
1 602194 206709 125243 188927 111713 638 0.0623163990676403 43488 299757 46928 126040 156024 4354546
1 685438 142494 136492 59607 61223 9866 0.170829579234123 16099 330053 32040 187214 183060 1737185
1 618721 751929 141954 86837 92201 9297 0.123660251498222 11744 58599 22525 127121 139001 12524814
1 607178 781959 183337 88854 107098 8255 0.215757697820663 40888 81424 78700 63651 140507 11113885
1 574652 161308 146939 123499 97279 1902 0.0887898430228233 5931 341503 45677 149301 187704 6309024
1 700655 108461 83719 57057 199649 717 0.0856068581342697 12091 259866 58137 181083 169238 13247570
1 513072 555455 149676 93622 83724 4415 0.121716141700745 15692 51714 17346 211029 195471 4430051
1 618951 114065 51166 81451 127521 1682 0.220892444252968 15604 66445 60643 72520 130567 8627768
1 503247 618442 75182 103337 65595 5741 0.0672694444656372 36986 200882 60722 260897 182612 3696423
1 504076 113642 50346 152963 134689 5068 0.177410021424294 25074 213829 115100 390313 195367 4448637
1 539419 155928 172786 184494 52360 5530 0.243886664509773 15436 69238 25700 245404 136322 6122903
1 620532 628410 103130 167054 88871 5467 0.115893565118313 30567 257418 180991 92184 194919 10980277
1 847727 291707 59144 74107 136710 6537 0.22438345849514 34166 135689 75831 363288 163819 9386744
1 568660 322480 123480 118150 78849 2960 0.0692122057080269 11370 133076 92396 85589 196298 5119774
1 692139 221143 127851 52610 58792 1599 0.235308349132538 14423 245249 66499 104067 156799 2917389
1 640608 683156 141888 54769 157184 9740 0.21431203186512 18496 213365 22015 150985 174215 5056342
1 568545 145943 54115 65654 76779 3554 0.150851488113403 15443 86318 24904 121383 97701 14613923
1 636884 345399 64205 69884 79697 4858 0.0906073376536369 29576 108523 101360 124862 144337 3846951
1 528107 110517 154595 61344 54328 3525 0.0654119923710823 23362 89561 49343 75453 87391 6179304
1 727811 458294 140381 92078 78669 7268 0.218918532133102 13564 284525 74306 119997 153224 10940856
1 513967 537257 102150 154658 102170 1260 0.171161025762558 8005 152683 54382 279907 167283 11537980
1 661108 109605 88982 78979 64918 8157 0.159146085381508 29317 402658 33122 79034 141100 5093573
1 624348 240677 189502 98752 157573 611 0.109459668397903 31967 92617 55920 79831 147644 7422259
1 602203 207668 50119 80826 131384 5482 0.142921462655067 12555 164528 63412 221153 165744 1723041
1 546221 110032 174692 174845 100095 2478 0.149379998445511 12180 245282 74364 190094 194443 2114448
1 518204 851256 93221 157677 194510 1459 0.159140840172768 38673 388604 46526 217270 179457 10487208
1 617613 325960 128385 52592 163468 9210 0.182789742946625 29276 98824 76432 100811 168165 3850566
1 654736 261142 118979 99509 84264 5977 0.167016878724098 8151 212425 53866 94835 158810 8116038
1 753870 109223 62774 149313 176734 6273 0.209485903382301 12310 72943 40327 167893 111148 7061910
1 549425 631086 76728 72612 175152 3419 0.174067974090576 49704 474169 83096 100852 160376 7115768
1 780462 152366 81180 99140 71468 2261 0.188526809215546 11814 150700 106177 176546 187046 14788371
1 741733 634520 197519 129824 76323 2769 0.157946720719337 33624 397461 82364 163471 191006 7135967
1 557550 212763 71729 73324 150604 612 0.189665779471397 3886 210412 63765 144764 182881 6850784
1 517329 311559 52926 77619 142478 5366 0.0594191327691078 8141 315830 148899 436164 178950 10375402
1 566538 278914 101741 116180 69210 6864 0.161866471171379 31812 65818 56652 113039 139742 1510815
1 906773 196199 54141 70039 122126 454 0.248477756977081 28955 298061 91871 50294 134031 5184552
1 519972 216492 62871 70921 63713 3170 0.0578174889087677 4656 163367 42357 170556 177664 3413001
1 560628 141293 102675 79194 52447 1994 0.196613550186157 14310 396531 30803 213709 166466 2010233
1 651840 111042 58177 63205 74499 7756 0.186811372637749 11668 172049 102691 77311 170811 4305607
1 554157 598519 51150 176851 156902 1087 0.23566372692585 7856 199971 44235 204844 194464 9195923
1 530769 101262 80568 93487 82112 1497 0.0686543136835098 18583 102236 27423 155172 119204 11853436
1 578907 661104 165723 57110 108694 2981 0.225117683410645 35144 54683 41804 78467 143627 3645782
1 860128 464562 73029 104265 52724 4257 0.219325929880142 13534 166837 92250 284958 177842 8694611
1 584545 145717 55582 53239 82566 1940 0.131985738873482 7250 82628 42934 416810 150872 13346536
1 679859 118730 175789 58449 58514 328 0.221794843673706 21587 237793 42801 66783 114306 6887874
1 927753 274717 62144 111473 95627 5291 0.107331402599812 11041 287941 52357 247145 168908 11259078
1 533172 219658 191398 75349 51938 1708 0.234287604689598 10408 54348 37376 95979 127781 6664199
1 674406 150614 55295 65313 161753 5220 0.215492740273476 9484 365858 22191 210651 175393 5744602
1 540182 673158 66212 105916 60920 5196 0.0682481154799461 8571 76777 31533 114839 138337 2333054
1 534178 221788 95231 68318 86670 3499 0.219380408525467 16234 82043 39417 75739 140803 12745805
1 550217 546604 101096 61579 112524 1801 0.159618496894836 25656 418632 75755 146028 146019 7495109
1 576735 577831 84635 88713 56947 5882 0.1551244109869 6845 224371 24623 188430 186053 5051205
1 582174 151014 126922 57750 85591 2171 0.165512830018997 17913 286688 50712 64893 127231 9324571
1 568252 452647 51854 105126 87711 542 0.223909258842468 22058 73004 76104 62960 132575 5309729
1 518964 839792 93793 57561 169851 3281 0.161531180143356 16793 135254 61716 110209 140758 7768147
1 528006 791378 153534 59866 188483 4871 0.0798336938023567 17949 198848 79995 51437 147113 7086439
1 923797 225064 53916 145372 81923 395 0.149209290742874 57448 155792 118405 66167 177862 11200310
1 530575 425194 98309 80232 120373 313 0.233809515833855 4911 248080 149816 157306 191138 12051224
1 504262 740689 151826 69216 54773 514 0.108422636985779 14883 125236 32699 146729 154901 6257830
1 518663 107906 63639 147977 67049 636 0.234835937619209 7392 58274 36489 169248 153446 3173953
1 528809 149117 173567 188180 62717 5628 0.0837268307805061 41004 72066 60398 142871 125322 9269193
1 507871 106922 164191 164252 141414 6636 0.136154398322105 45515 239386 92853 125941 111699 5537539
1 536157 398440 72147 72168 189350 4732 0.177890598773956 8978 72834 34691 261701 168560 2634088
1 530658 237820 88272 100168 142706 516 0.117962524294853 16420 59596 24676 140636 179813 4289700
1 858803 111935 85221 144789 119942 4303 0.15452541410923 22676 428037 41210 123210 118116 14045716
1 599537 191708 56375 97858 195138 711 0.109421029686928 40074 161776 124946 53824 143964 8836906
1 885105 298663 54514 171873 182993 2593 0.0997326746582985 42099 113881 61853 126384 151865 12473715
1 648542 134137 159284 110295 90145 1811 0.21132230758667 27157 184002 63551 94878 172259 4495864
1 686354 140326 74123 71110 147241 1080 0.101796552538872 14937 212136 111417 128788 183294 8500558
1 593478 660932 113101 176351 74452 3870 0.170395791530609 39100 441907 121308 219136 197720 8575244
1 967459 224603 54592 103828 98304 7495 0.228217825293541 21736 209462 117915 184828 173050 7961297
1 704422 194982 61714 68493 128114 4292 0.0504188239574432 12736 74910 54987 81562 133703 3465846
1 819196 123643 115160 53438 80834 1013 0.0833202823996544 3912 93830 50573 254327 198002 6511702
1 988357 114376 64425 58424 164259 4725 0.0856172069907188 19648 66022 40399 84401 148411 6208678
1 701897 735137 163332 63798 53232 6295 0.134948223829269 13849 287141 73652 123881 155319 6814313
1 843928 129403 59086 55197 53273 1254 0.228323325514793 14186 113715 98536 126651 184089 8032649
1 672793 434499 63580 88393 83332 4761 0.237372860312462 12206 418431 122859 83605 161150 4080309
1 954887 125868 77829 70944 72872 450 0.243805110454559 12607 298589 89492 83279 147728 5274746
1 750555 262275 191887 132865 64326 646 0.112328790128231 7841 360197 66627 161328 177378 14982319
1 531087 293882 65849 93467 94394 549 0.114104986190796 46395 287350 66282 98918 197940 14273143
1 592399 367043 123055 165314 101809 1232 0.227005362510681 12525 169387 31602 136316 186931 6481811
1 511811 124825 101067 86700 123009 951 0.146134555339813 19081 57708 20771 174804 194030 2264898
1 661452 280547 56901 116840 136211 4139 0.163061946630478 7644 107629 59304 81033 112237 8595105
1 969021 109494 196693 62131 59015 6482 0.0594107247889042 17684 122438 69366 101150 170590 10115499
1 731313 115925 52641 64575 147482 8557 0.0589952394366264 19155 102182 23933 170810 158662 3451868
1 527245 302767 62313 115214 172037 2539 0.135201349854469 20912 257274 73947 254043 176498 5755010
1 742808 207318 105646 72624 58716 4859 0.120294809341431 31568 111942 79679 75184 134574 2447977
1 846487 509309 73323 89970 125516 382 0.219212174415588 26713 159752 70552 141401 168250 7537272
1 988107 506050 55980 148381 104002 7420 0.0589385442435741 23711 209254 133664 89464 169402 7305298
1 657943 113426 87026 122556 139587 4577 0.246310517191887 13349 82814 38029 437082 185996 3846158
1 534707 344669 68117 109370 57734 4284 0.130703791975975 15579 138941 58843 304681 146574 8249300
1 836839 134666 60756 138746 192281 7868 0.215272039175034 29570 433855 41522 72760 87471 7959158
1 716588 117739 54407 66466 99997 1118 0.166167676448822 3200 201534 71008 148720 189141 3868767
1 931660 761942 107888 52805 76734 1258 0.0981361865997314 10657 486022 113708 102377 175878 11602432
1 541103 573801 126256 131883 52490 591 0.212352871894836 4471 377623 105010 185424 185484 13548934
1 669694 199924 101207 70227 65780 564 0.0951159074902534 26988 325783 54307 77043 154778 11996432
1 642603 113482 63809 117094 116211 2868 0.160002455115318 23301 79380 34518 118516 152070 3626829
1 538864 151195 103474 141728 126579 2365 0.212380155920982 15008 55527 28358 76396 97847 14615334
1 932466 102759 101067 99213 51921 1880 0.132724612951279 15485 392510 104768 88396 177222 4836664
1 712656 101548 68987 152742 77839 6770 0.124888718128204 7666 325780 118879 60595 157890 12549233
1 502156 128094 51960 84550 68015 722 0.118236027657986 9744 299702 113188 213368 172434 11668031
1 534109 147920 132461 119096 57095 2510 0.202741473913193 29855 421548 85260 197989 132593 7605000
1 572756 172767 172578 98445 76943 666 0.054658479988575 6592 175611 47287 196205 150545 8983821
1 676262 167833 88244 67123 97162 1458 0.100488625466824 31162 272852 83963 212860 178972 10277459
1 512092 127073 62153 108991 61045 3702 0.120192900300026 9094 363599 46872 71394 93449 11893746
1 525452 211763 103874 72926 59205 4427 0.180503383278847 7140 405605 28530 143254 161505 2376193
1 568222 278405 108515 60181 142179 6654 0.149684250354767 12197 108851 33551 318285 153546 4758460
1 673207 138771 195062 155791 52580 538 0.078853152692318 34626 50074 51941 155991 155877 6629408
1 860830 195485 84536 80369 70987 2656 0.0884666368365288 38458 68301 74121 232034 180819 9456434
1 545024 285007 76533 62736 91307 587 0.0580661743879318 9726 142818 24303 211245 181819 5800657
1 587399 336433 61835 60365 69958 1683 0.118680752813816 9684 257872 148954 186569 181874 5103287
1 534165 124777 95920 74079 185802 379 0.0506559312343597 19981 81015 33053 415658 189018 3236567
1 664522 794080 121011 50702 88867 724 0.116231858730316 10504 254492 38512 191383 197710 13508446
1 747719 123011 66385 73431 149476 9171 0.125279486179352 12773 91370 67183 54051 120801 5229767
1 721447 293635 137127 63375 96547 1197 0.209535345435143 14502 394037 101215 210540 170018 12356399
1 557258 439112 119830 168978 135826 626 0.125137582421303 68067 107680 100536 225239 167812 11810568
1 517783 354988 60124 75381 60834 7522 0.117669284343719 8605 100440 72822 426023 160956 12372486
1 872107 285597 120288 113366 146173 3879 0.113875441253185 31980 326993 121477 60223 157805 5252131
1 823242 193432 65121 140067 96613 2769 0.120718255639076 19431 310182 79722 94979 173012 2139785
1 769639 324676 94472 53076 55161 3255 0.127526804804802 9145 162072 101762 122986 138233 13838895
1 619982 730466 115692 67496 54960 374 0.204602435231209 23333 85860 28753 204769 189195 8812812
1 546622 835310 83508 63594 51999 8597 0.215299889445305 9774 114777 105160 113714 190446 6169035
1 612803 244613 59480 128283 177620 2233 0.106586664915085 33307 54559 73164 100633 135126 11957248
1 685424 140789 144553 72685 109693 5051 0.162505522370338 12216 131289 44491 294369 127326 8848233
1 532003 446700 169411 179633 101042 790 0.0899076163768768 3729 241721 114610 92732 152779 10313855
1 637508 183682 56706 166882 54145 584 0.207308292388916 23221 92028 29623 158127 133350 9398491
1 546906 313832 147650 139685 62407 4049 0.0805396139621735 26276 82217 58476 229719 129937 8340604
1 574859 111188 113258 122698 78853 2284 0.0686041936278343 3764 76048 46794 133824 144389 7464549
1 517281 625852 67940 124759 125285 6129 0.205130711197853 17080 336520 43819 302774 159908 13588416
1 719150 318449 112827 110780 129236 6697 0.164314806461334 15701 121118 89089 494817 178832 10495489
1 528611 184758 82015 186323 79240 4895 0.1778444647789 34077 335693 146593 256532 194868 5030847
1 936077 147245 186712 87307 64691 604 0.125059857964516 9740 194756 77859 96044 124633 13497134
1 660204 378798 58880 156713 73323 8327 0.223287224769592 13565 80367 46350 161050 146075 6095386
1 786239 163588 68279 59310 51313 4468 0.0923351645469666 26409 251673 55823 117109 123119 2373493
1 831570 281858 163554 123188 183287 5206 0.157967880368233 54966 365276 97867 201128 177256 12050230
1 532266 165144 57834 76017 144613 1031 0.139248415827751 11892 192405 98854 408444 145383 7505383
1 776019 716242 144166 128825 102994 9107 0.103243321180344 14648 133883 38497 279906 199815 4764033
1 750959 140235 82409 107961 66020 909 0.0560867078602314 20659 122694 84240 105990 160045 6641876
1 613849 396014 155396 137212 114860 4736 0.0508033931255341 32060 131743 76055 96419 149545 5711506
1 665146 114437 193717 96624 197303 2071 0.247473165392876 9388 201028 81513 255905 183132 7097186
1 567240 175380 78294 86374 145061 339 0.246512249112129 24961 338050 118903 104811 145357 12948988
1 617453 127306 54566 64469 86301 1893 0.231294319033623 29666 371006 116558 50478 179530 2703131
1 510476 203147 175680 96161 148350 301 0.10043677687645 28237 303790 161304 73535 178567 5268836
1 924443 139533 61109 108206 58487 4476 0.17342609167099 37609 385292 89033 66952 155020 4625899
1 589276 566203 110611 106698 82007 5261 0.079765185713768 40870 149991 59863 104575 117410 7555763
1 774715 128160 151204 62977 80071 638 0.231067657470703 10502 148806 88255 104038 178794 6659192
1 512315 148347 69354 129778 104131 622 0.237922430038452 12908 180344 94286 159807 141762 11684800
1 911543 175258 191401 129412 155530 9091 0.138435944914818 36534 302637 73381 78409 147228 2504638
1 565421 980857 97360 63397 110395 7451 0.196057677268982 44563 105036 47514 103101 119826 7200356
1 646640 188613 57983 112659 68210 5726 0.0636224374175072 10607 409004 53062 100205 127528 4232856
1 713631 290010 122369 64196 53300 7236 0.0754239186644554 12861 364825 43361 60774 86379 2870506
1 573106 442481 66606 141338 134976 4893 0.105105169117451 10925 56449 22017 232067 138561 7202534
1 529023 162253 52215 148197 62893 1346 0.147070974111557 25003 81139 90891 212401 183193 6001210
1 634209 739975 77826 51543 79774 900 0.212226077914238 6336 65688 28046 105768 152976 14424316
1 787857 205491 111430 60748 77526 2537 0.208860963582993 9885 119808 22710 169754 162083 14275723
1 650122 102651 67860 75483 55853 812 0.190777838230133 32329 124026 55975 190539 134315 3986385
1 607529 178367 63104 112496 99510 7457 0.124830789864063 22336 433785 103155 314658 167834 3275881
1 591764 212917 140913 193878 167145 887 0.10254805535078 7125 208641 55446 283526 186002 11779819
1 775982 144317 68666 78059 62320 5865 0.152306616306305 12671 59559 38807 139380 107710 5556559
1 764912 278686 66823 91861 136226 6098 0.117393724620342 36044 474519 40928 326985 158268 14052256
1 703397 528323 173782 160192 137626 7907 0.214080020785332 43667 109236 54952 133868 153470 2995688
1 655975 316191 159053 82663 128772 800 0.146292150020599 14072 220636 97922 287413 194751 10067942
1 534138 160702 119358 171647 126219 1636 0.0951747298240662 26632 83147 59526 114258 196443 1905783
1 744076 318588 92479 186606 54510 1178 0.185903817415237 12480 77717 21049 205700 173792 7285863
1 756803 245823 104775 109568 103909 2855 0.142230480909348 57153 348564 69011 79449 159766 9243910
1 775995 162610 98539 165944 167099 818 0.240734741091728 8687 174346 90383 114799 189558 10366858
1 615734 595151 138068 51869 52024 2433 0.0608001090586185 19911 58828 31028 136970 128635 11672477
1 605324 241679 191061 58037 172373 843 0.152210891246796 26603 313861 89506 149705 142715 10197379
1 667719 272741 165737 198067 130735 2793 0.20318865776062 22741 235527 56456 114921 124588 12767201
1 519164 680833 85585 104422 90255 9304 0.213448986411095 10250 57653 12841 115278 129240 2760436
1 506365 255709 60632 55309 150440 2721 0.11409804970026 22514 232436 102700 278682 185548 2025745
1 533804 184961 142298 114118 178187 4411 0.153518795967102 19356 87150 25727 184797 166734 4015430
1 803635 674351 126090 85976 145227 9097 0.0831338241696358 14447 435518 30614 244611 187462 5013902
1 976639 779988 75754 109175 70816 4654 0.105024471879005 21116 178403 136098 97325 197099 6489339
1 955098 241553 182001 82275 84028 5020 0.205385223031044 30857 54874 40067 165666 126526 13354279
1 741663 206084 73456 131219 164237 418 0.0839002728462219 47960 249975 68718 102321 139238 13644516
1 502969 151029 168738 61572 123487 665 0.221242070198059 4506 171430 53159 137881 157821 4475370
1 930533 664675 88692 78782 112319 3357 0.219242677092552 29627 390735 65268 148742 171505 14873121
1 811778 100078 125991 84222 197040 5634 0.24371811747551 8239 52070 27847 449388 186381 5855477
1 746297 180048 154629 64354 54025 313 0.0589584819972515 5798 54966 43519 224321 185676 13190576
1 623423 385122 188741 134388 73841 3094 0.139610022306442 6943 64702 24315 178866 151047 12457550
1 554013 389090 97292 72883 185184 6836 0.0931872352957726 25162 155678 30121 80276 74543 9844649
1 532888 158410 64318 145722 82923 6008 0.213426768779755 10045 153915 36834 286944 115470 10810770
1 589217 212836 117879 60516 116816 5964 0.218814730644226 20161 306390 46304 186413 109389 11611955
1 648657 164636 77444 75077 74883 337 0.0829606130719185 18724 148573 44493 115469 157666 8244386
1 542206 116195 69280 162959 115707 343 0.0994497537612915 62666 154468 76804 127305 114034 6687609
1 566247 643030 95222 77838 168980 1594 0.109294250607491 31670 449117 69197 125286 149478 6939433
1 651427 154868 59364 73445 58352 8119 0.216942653059959 28593 76157 56478 258625 113952 10876756
1 749478 148599 92878 65816 196678 640 0.178510084748268 3333 211039 109496 82438 178209 9504025
1 547889 102649 68524 106233 86460 3477 0.156233370304108 4651 51268 30470 69296 91256 10667815
1 655129 165718 141084 63632 115805 348 0.0515980608761311 8302 262240 46510 121064 150172 14669813
1 998359 160414 80698 126161 125971 2065 0.150239050388336 21324 280137 116198 108266 166945 8332441
1 641644 879842 50812 164617 163667 2009 0.0766826942563057 35118 377846 48108 132598 130652 7742158
1 690870 223175 168562 154604 68404 570 0.206623360514641 49595 69734 61545 78389 161240 4571767
1 663249 457012 70323 52499 66562 4817 0.158977925777435 23764 67132 31773 144791 134160 3390824
1 861985 114657 123776 65845 96992 617 0.0980099737644196 31753 102333 43627 171424 134391 12972028
1 529363 387995 126741 112171 139315 1016 0.190985590219498 36332 62229 90510 138544 173302 13649454
1 831876 109321 160475 73990 156151 2578 0.117578655481339 17209 328286 95136 105880 144441 3731975
1 542083 474927 125759 158711 94763 1099 0.0703276842832565 7110 141756 49007 354276 194627 12900475
1 776778 220592 59983 55852 79583 3571 0.168222114443779 4986 346251 108434 74980 158700 3848750
1 667549 199141 113959 108625 117194 1684 0.0889124572277069 25549 360433 37657 96114 163063 13548224
1 665219 330711 60315 83495 55179 2719 0.113991290330887 12829 246275 33615 78468 126957 12058241
1 766299 162524 59106 162434 66971 1002 0.228791177272797 25413 132109 43698 235874 148515 8308135
1 817477 289364 64216 81290 141553 4274 0.205725520849228 20239 346375 91982 242360 185928 2748429
1 529344 222151 52165 107736 181267 3104 0.202293366193771 4767 87271 42286 105386 122356 4458558
1 579680 360718 116303 101049 56074 5786 0.0561193898320198 10038 383904 13507 169867 197704 7520494
1 880849 122769 142821 181131 141870 9950 0.148560464382172 16135 118087 25837 158938 170297 7956110
1 579837 123648 125187 75560 55444 3157 0.229463472962379 22795 346444 36106 91343 108109 1626281
1 856940 226620 92484 137067 108450 4726 0.201105639338493 62265 359977 151713 159778 188303 11510676
1 910777 120332 50189 142859 85614 3267 0.241406574845314 13698 434300 18456 140406 183633 10195202
1 509255 781512 144177 172771 143733 2136 0.21572133898735 22912 55598 43017 102147 179258 10676306
1 594626 149342 93989 72041 132439 3750 0.146178960800171 15929 408292 18605 179033 178147 2222036
1 529470 121782 141058 196211 56794 3549 0.211849927902222 4040 143521 14323 179027 190359 12511390
1 635142 573801 113083 164245 110417 3107 0.136962294578552 13251 126881 52124 212904 170323 10322281
1 620345 172808 56703 87232 57130 442 0.0982759743928909 17116 448510 35487 94578 127775 5054886
1 674325 766398 186938 113051 56045 304 0.216833412647247 29710 360064 62548 120332 140957 12769550
1 780701 387658 73021 54403 102124 1973 0.229676574468613 20992 153258 99441 240187 162901 8402726
1 584075 685517 108589 167138 154775 1689 0.161836117506027 66802 69439 126812 62104 166478 10353020
1 777672 215130 66519 113839 59947 3191 0.185252875089645 4090 316068 122918 84107 188222 4737443
1 509568 521803 166765 193377 97696 2981 0.152760490775108 7621 451188 56078 137630 198941 8080740
1 814104 130186 113064 194001 79124 2883 0.243682324886322 9040 151268 63025 185345 138703 7043597
1 593832 485220 75475 168690 137158 3776 0.148578152060509 32965 190841 34694 58181 106302 6379711
1 527026 721516 162264 145188 73372 6744 0.0788870453834534 19018 91036 37420 222829 134853 3543057
1 517767 174050 90426 88008 134580 536 0.217564016580582 5095 101864 80372 194598 173667 10329789
1 870312 163959 181197 177794 155497 3738 0.099883645772934 89690 96280 106928 135533 172438 13467640
1 537775 160296 107220 98665 172501 464 0.192839086055756 13823 169557 59343 113314 100457 14466527
1 741477 538227 86354 55512 177547 3892 0.23681153357029 8879 329725 78345 88779 132926 12736500
1 649256 155737 117914 106495 82627 1208 0.194147437810898 59519 62048 87382 156758 163606 6276790
1 518387 123261 153893 100456 95920 400 0.0937682241201401 13273 278997 39454 118841 148159 3105861
1 697237 886166 61623 155197 95652 552 0.207407981157303 44903 231138 44930 234167 171711 5001548
1 586420 114806 111928 89035 173633 8046 0.232576236128807 26490 329200 108015 73519 140023 4667744
1 532146 413563 76336 143515 90253 3632 0.0631221383810043 8786 200015 45057 162296 135362 4098860
1 614929 159642 138034 74876 135077 3967 0.108222618699074 8604 182867 34947 61915 112023 5352249
1 597230 255044 120895 61972 52372 2451 0.203199326992035 27483 120492 38704 99374 92171 8789286
1 638119 209432 111334 55808 145133 806 0.207013502717018 33166 74687 42341 112864 108057 7012672
1 575571 625990 140343 54067 75433 5978 0.177447184920311 29515 116953 63259 161423 157170 1832785
1 748622 187713 172468 120232 103294 2450 0.169635280966759 14603 203589 100200 181129 139394 10950651
1 685651 117297 67523 121886 146828 1502 0.223127335309982 10933 84257 42771 84094 168555 10313401
1 573324 245300 135664 133928 182419 5808 0.119121968746185 29182 54135 42943 158623 100300 7344864
1 643702 101563 91448 86209 121625 4722 0.157408028841019 7722 455011 64345 91389 164224 5183711
1 532892 102360 56786 57564 159880 6910 0.162125691771507 23352 463087 66919 69596 104250 1517927
1 730443 477240 134583 74405 173627 7702 0.181880265474319 11741 348738 58574 153318 196597 3676997
1 576142 321120 76464 99496 183414 2598 0.229438796639442 11994 165053 21735 390748 198464 14807140
1 526485 128533 170628 197229 52920 952 0.159507274627686 32359 153789 69886 234803 145233 2777503
1 570768 209930 102509 185028 148365 372 0.111915111541748 13465 83349 31168 146532 158661 6531417
1 559668 714126 54466 64831 62056 3697 0.0908316150307655 44298 84305 68944 138267 183761 3640114
1 871455 204979 64325 125277 149788 527 0.243379607796669 53965 125798 64019 59109 129637 8027299
1 655499 602797 87866 63830 132446 780 0.12493173032999 31186 68942 37962 139441 176652 9923252
1 505033 131425 145780 162059 141991 1023 0.228550225496292 24773 76236 53730 58540 86131 3368612
1 693606 192879 164750 101640 87304 3256 0.153478771448135 3627 66623 45875 288186 176506 8138619
1 593544 128902 87998 68606 103945 431 0.0776082724332809 5076 313570 42874 195059 170255 12023207
1 729372 132688 143582 196460 138866 3719 0.166617214679718 16399 118171 75425 92393 122871 10835018
1 811318 777957 95844 193523 87762 1983 0.232411697506905 41364 485185 51484 214959 194060 8894583
1 647905 288812 55096 135238 51349 2312 0.170545101165771 3173 103756 87331 137280 175704 7005378
1 980300 181074 108123 156986 70720 7115 0.135210290551186 25679 131929 52444 266377 165523 3442769
1 560542 638892 155459 101431 106599 323 0.193367123603821 20305 341714 67827 79723 148012 7889801
1 538056 336337 77109 83469 83269 619 0.21359695494175 10489 361313 53088 134592 172751 4790542
1 618399 175665 191217 84146 53760 1486 0.204173341393471 11758 99104 53953 86528 169166 7460394
1 949733 116639 168071 76972 103427 1463 0.16864538192749 13208 239724 69677 149292 150440 6148443
1 688890 242452 102007 51404 63091 3174 0.21606370806694 9109 193912 79266 56127 130432 2787362
1 943717 485799 191205 75747 54784 5540 0.195890322327614 10521 239298 111934 82540 157247 8416523
1 609591 198143 118955 117281 103194 7770 0.243470802903175 12689 85371 15987 92082 121273 7930438
1 690408 112501 53196 61907 50357 4783 0.219900369644165 31878 169398 40609 53475 125966 8839977
1 720261 132100 52662 78784 111898 8755 0.150859534740448 10082 117388 69585 172835 186886 1364156
1 681086 373966 189669 51600 138797 916 0.214627772569656 27546 493096 98723 104974 187664 2112937
1 525154 290997 170474 95140 105538 1316 0.128164574503899 8027 460365 72255 269880 175093 4577257
