scenario N1 N2 N3 N4 N5 t1 N6 t2 N7 t3 N8 t4 Nanc
1 358939 47128 11512 28952 1144284 400 1117927 2725 223314 16979 160843 169362 469884
1 39505 59934 4083450 271699 21513 171 11886 228 21472 553 17617 17481 36304
1 594671 174812 13341 45934 985658 492 7701942 6155 207241 12257 202633 122774 425028
1 2360536 31467 65803 1089754 4439286 654 140121 4188 472574 20583 941566 636641 1027429
1 47302 32576 8144135 15730 2921554 176 57130 514 383099 2438 21501 19367 54201
1 808061 47653 15474 1995681 4235423 561 5153210 597 2709194 31968 447449 371077 707690
1 861192 29474 698301 127545 45554 300 29485 495 734068 1175 900900 522281 1047615
1 816440 12104 21172 36309 298035 687 1683162 2407 1083824 7729 102172 106281 777161
1 341988 54751 6521937 67538 15525 191 3997632 1577 6828506 1616 159354 207747 374050
1 1525833 7211112 103783 20140 317164 1463 40582 5922 4705120 7468 525049 606504 1530784
1 102840 16351 629705 25446 12852 167 62533 491 234966 1794 40847 37651 161306
1 142448 25160 78507 792611 2172048 169 5640052 265 1673109 502 159926 97243 154078
1 762216 48312 76435 338602 15154 560 21967 1141 1383536 2503 288868 206632 386118
1 2194744 1179201 243021 213716 6717474 4979 5099713 9963 8372144 135818 46301 176890 2987234
1 357616 26742 62401 153113 337892 219 162167 5660 43638 10497 109001 142178 650994
1 670756 55372 43098 355183 885912 653 152783 7819 6221071 10493 48295 65017 1124462
1 323377 178259 1475563 61646 9614899 265 58291 3595 9987540 3918 23332 25116 113920
1 5892469 22997 2462194 19658 85753 1183 20196 2811 177714 3023 79772 81826 1414294
1 576008 2073080 1652081 6482350 164300 265 1719551 3042 748851 9110 209673 236124 876099
1 442407 4176261 14588 2325518 155428 228 8582805 239 1532877 283 173461 116360 351252
1 75425 101435 183609 56865 2760136 151 33449 171 1281768 3168 47756 31939 118458
1 314085 201087 1109477 618075 8736189 199 3858857 517 197804 939 368082 289104 355600
1 238539 54444 18533 1398370 6659184 387 10286 1885 425147 7213 20803 31779 253616
1 650575 3211700 111412 41406 133149 200 80090 723 1224776 5671 647270 375894 456373
1 1605678 23122 21245 580078 3042800 757 7845103 5429 1652387 28669 597429 739874 1692940
1 1273010 2885417 1061240 298504 790767 265 12349 440 211491 932 416738 225750 989200
1 136677 82016 2729081 383402 1677751 975 3724117 1814 49988 3607 47570 38033 54589
1 2368294 33562 803668 87322 740604 311 8263623 6478 173515 24831 696963 497884 1002015
1 273284 1965870 372654 605306 547941 160 1337861 5010 1976603 6076 139532 127848 289694
1 639085 647000 7943165 47059 964528 648 426566 30491 21432 30497 88345 127085 3042849
1 1152399 21538 352207 632558 456912 260 40180 730 4723661 12906 168432 175607 2579746
1 4137141 125860 70222 276466 768340 164 5191232 284 7763596 7134 712436 517626 1604234
1 8777358 362420 273227 46141 2636666 260 2123030 23235 5272368 52232 994641 649393 5605341
1 2262753 14188 127159 397206 22158 226 1036499 1498 523416 1829 131826 150472 928192
1 805289 45505 6324999 4433874 2579231 344 407379 1118 1370088 32430 49252 72239 368718
1 225117 2955072 1221858 3664876 46776 248 4446460 479 551445 2437 260166 200317 231093
1 1761658 149790 23862 25035 4514814 499 1012813 2137 555489 48321 538139 735207 1388969
1 208948 42118 715126 810161 46869 369 19094 480 176128 817 100173 94364 284830
1 50123 31407 1373642 41049 2721877 153 12210 589 212611 1308 25896 26839 72139
1 652999 28400 18865 266838 332550 179 2751126 363 74953 1597 62268 53244 472878
1 686990 125054 204721 135726 790492 427 728990 436 101046 2250 271608 187232 534975
1 54311 15444 96313 119343 48833 172 27297 572 3272122 1694 10357 8074 68057
1 2479665 28149 2725661 2309370 238211 867 825214 2310 496385 22137 27443 42431 1191550
1 390788 11944 8659567 1361148 2079645 224 9018310 540 84035 1833 77143 63838 170632
1 970222 116716 7569056 136937 5519813 984 55988 1087 221166 19207 102624 91864 415385
1 2144089 1257934 104512 151546 3739217 892 4913261 9101 6003698 87066 298578 400414 6435045
1 1039589 2433381 12121 578097 40953 480 60120 1469 173518 3442 80129 90401 396285
1 437915 529274 25506 70545 190026 241 447971 957 73577 3766 27090 17940 73215
1 191776 5486346 28460 327851 1469663 258 45866 527 415092 6825 36623 51167 167072
1 4092106 147156 5159079 485540 7244449 5910 1210016 9119 175707 24892 187303 228224 1078374
1 815087 247078 7500096 7992906 509268 1715 75307 2037 420862 3683 753232 588205 524991
1 543304 547099 1034074 41859 2139555 543 1064575 1593 3525958 45542 81994 160222 1494350
1 430246 5922038 80922 631159 318509 625 1144016 6216 251083 10994 159909 177040 218055
1 5528068 137520 39719 5873220 458792 195 268037 435 6490638 651 954374 618212 2958029
1 3660361 250846 22055 2171291 7822454 358 42545 6880 903209 109821 286798 389414 2484161
1 7153418 25788 9463067 36517 3612399 1675 580540 2838 350898 18706 211056 222059 9920183
1 1290727 822133 18096 1343277 1371662 688 427330 1045 2755571 39415 163523 222054 1413793
1 954320 50981 4170477 399286 8657578 262 79620 637 86597 6708 125723 64548 286245
1 208641 54296 8136447 66722 12310 365 1220873 393 8178619 693 17239 12311 61314
1 3622869 10625 11376 1290959 748931 332 101045 458 2659809 110694 150599 294780 3485296
1 2495279 64502 118786 5195902 87000 1980 15086 2771 146426 2836 42105 37550 872453
1 48861 802492 2731871 9293985 5578717 245 97773 659 2132410 662 69781 52678 72622
1 7237044 403354 44274 122717 7939309 160 5027961 17552 174211 28552 1060894 595731 1938630
1 370397 155492 127827 18215 214010 165 1399719 308 485301 6022 29481 40658 320832
1 1137805 176876 214856 1210120 1801738 214 688084 15856 1112057 18797 67537 73345 3294718
1 2900942 78727 63262 779478 768240 196 12602 620 4853440 4233 273624 138796 818180
1 545768 95393 195772 771838 2017988 1471 502340 1707 177898 6016 10336 17240 824041
1 410152 13880 9244571 10046 1428759 986 4285572 1348 216215 7367 145545 158308 325859
1 355553 11003 306874 1533473 322284 573 29873 723 190416 1427 189343 117196 222838
1 3887509 15731 715204 311365 19383 464 1050364 956 1539316 3489 717525 682790 4934336
1 92134 110770 35499 7814771 89142 805 14732 1363 1668864 1687 29285 20136 55137
1 153525 22159 92634 3454505 1839962 684 65260 2013 46083 2502 49049 54409 74589
1 24442 123956 22920 33194 2164311 216 7740763 548 744157 933 24429 22416 29235
1 2459532 58589 115869 11047 2230491 271 87035 372 77233 8509 47353 47354 1084048
1 3908405 55408 126488 21867 307841 178 58934 2719 335539 3318 301740 304225 4980989
1 91934 98535 2998093 8612697 2570476 2007 60458 3890 69200 7882 68459 49758 67353
1 6403583 48740 137763 2158718 1197494 345 2793038 2694 747864 101867 547179 739135 3491700
1 2397384 100248 3673135 265738 486337 651 30509 954 201312 4911 542783 417001 743086
1 5846113 11650 1911468 398324 401579 156 6271127 159 1245913 11164 17780 21945 317552
1 356481 1381164 202819 426693 4856378 175 32028 712 195018 2286 81154 78728 200543
1 154869 166809 737376 4560529 39057 346 337307 1248 6946092 2053 135190 82498 93740
1 140102 1093966 3379632 52454 3191092 338 11126 699 962134 843 15244 10427 40043
1 189364 65916 205411 39946 63888 175 9642029 1996 127500 2306 63725 71770 163771
1 1473777 12152 5096937 109688 99464 610 17606 821 227053 2577 72132 35899 234575
1 594630 6597275 30318 1022447 93774 286 41165 353 151010 6692 194176 210854 333966
1 2507115 23758 67802 1912921 3341435 3228 1309808 3565 875814 61181 24052 74645 562610
1 2374397 255558 659990 192977 977787 2399 7028250 27635 1984522 79570 1399998 543205 1191927
1 5187006 200745 2070082 1400773 2648810 1596 51497 7292 170630 14616 667553 296928 1843324
1 2447416 55633 493117 394757 2095550 4369 71618 4789 60186 9927 44400 75779 1706174
1 1432446 10832 9607420 814747 1021224 277 412410 428 6911579 14835 71506 79154 733327
1 5632644 21074 18603 1188638 12377 218 17278 222 46064 346 1046033 724716 2695990
1 57357 2090052 448268 829346 7499667 184 7382130 260 618239 751 51911 42064 31063
1 1201303 62722 70431 27056 5812185 576 109871 717 1023292 12337 98589 62087 284560
1 511481 51949 4537207 17814 441872 178 3380992 1815 582270 4669 121981 83408 679791
1 3459313 3872352 57717 488875 689479 1737 66125 1877 1949931 33149 38068 54491 753050
1 57246 192229 637723 116596 64408 576 111721 2082 2138325 5529 13349 17492 125859
1 203616 719078 340759 3285227 367850 602 8752700 7241 4592812 15955 165334 132302 320466
1 1115333 15581 9903506 31550 34513 930 590647 1953 5175535 3040 59349 78888 3612293
1 204418 125795 1322512 5717408 4124212 306 944469 650 587089 5835 161369 166953 294799
1 260442 12285 1688352 17407 68113 794 1405931 1457 6952453 11932 57937 60235 523639
1 614523 92568 78947 2150582 3475348 330 1157805 656 97267 1877 27288 27553 155954
1 5936631 32911 129115 8700712 480702 460 426255 3192 611282 84919 143614 212774 3166981
1 734441 346137 4767450 149970 82547 1125 6796891 3985 128730 4388 436197 278346 1021025
1 297329 446502 102824 229076 404809 633 1945108 10928 2558425 47990 93309 132285 698540
1 2123361 73329 21424 108809 2191935 315 728072 2141 223721 10692 12270 21889 890121
1 9042410 347019 103217 95656 4429595 616 70855 9599 9860339 402847 124363 552152 8639226
1 259177 2938541 3609189 771801 993582 253 67548 876 30608 3464 309846 298241 130076
1 667307 16638 12937 2551279 521968 338 484590 1262 43015 9708 27400 30902 115258
1 3872223 54103 394219 9115593 1241033 276 686299 457 31004 1254 218677 90807 482665
1 3456132 163036 13864 2169784 54711 374 350197 630 1421185 2049 718217 630201 2756441
1 7566969 10040 551651 591644 2343868 157 6075299 786 786551 1982 90950 63404 682206
1 1408200 103071 49405 15292 8933421 191 1251854 309 360924 7891 109390 65562 290404
1 4878453 38244 36531 23798 95209 703 2804065 1820 13345 2282 505322 579650 2874822
1 2664100 18826 73009 961647 467936 875 73963 4746 8802956 24020 548797 537396 2263178
1 1805990 151784 365935 10631 7747649 160 1504142 9939 4842816 18944 182465 113705 981908
1 448529 29143 162020 295210 4905895 190 1179969 1026 1337334 12176 11824 27230 599033
1 1185311 10220 37268 6951899 2901849 152 1176861 1050 15020 3068 149019 92901 928404
1 387574 304137 20565 15614 40301 795 19296 1708 42428 2390 15514 21721 771429
1 279792 3710429 361930 265804 60148 466 125203 4249 3345690 11145 32555 44809 201500
1 127990 2693864 447237 83630 3442783 357 25827 414 296606 1226 107544 69416 70830
1 1853179 4865045 2599559 15531 598470 640 786956 1961 1861831 8576 47619 46081 704388
1 72414 5423666 59847 4183710 4930876 179 8164515 380 1650049 1026 17924 13331 44173
1 6557177 68988 7332459 78312 46595 230 21809 420 9875546 7919 226777 248998 1474961
1 1755619 14938 53926 213769 56993 159 784351 1223 1763347 1705 202764 180847 3428378
1 1018551 129499 1283067 98809 9855471 3289 8511007 6533 387418 44305 174190 259366 707376
1 460054 11821 2385638 3463154 4408700 312 128676 466 1349727 1704 16446 16342 354198
1 1792629 1905403 234160 4413794 336246 186 28343 667 91789 1299 639632 496813 957740
1 370663 451373 57035 130761 1182469 191 2965125 295 30880 866 218718 214915 384218
1 236113 55735 5734940 1394005 4426319 191 8389552 496 67147 1649 47635 22343 38244
1 475083 43883 30321 6093031 263239 449 466365 4302 4856583 5153 1255613 461038 487297
1 4726638 11305 592732 8888493 1446613 576 479944 827 1675603 1077 72287 28727 158577
1 8368148 46415 273388 150678 340379 4494 8353116 12871 37572 17464 900041 544770 5631186
1 4205143 44538 5779472 24918 95837 1014 144623 1446 71328 2885 56604 51518 2708347
1 171790 1520838 33352 81950 393280 706 52677 4101 43218 5555 15689 30142 389977
1 1420590 91445 100912 11083 101424 461 43455 1324 691476 29170 465875 532711 883386
1 2300363 32687 68261 116188 38822 352 609299 2776 15789 2993 13996 11553 663858
1 564084 47782 39267 361036 464426 1119 888943 2623 3807759 7816 19025 23075 9561543
1 34637 116678 3022318 342647 1542181 176 5533369 1021 4145586 3680 23094 18424 65214
1 665393 51181 836140 37446 7052218 225 3591689 263 3378538 4664 13568 13024 137527
1 488118 21345 36145 584345 69751 869 34855 1622 93564 5094 24249 34314 601331
1 801677 5593569 12731 3065486 3691401 161 757304 204 1868084 50400 59434 103464 2084213
1 1195426 4947688 39531 2750185 865179 344 13311 877 4189257 21955 403210 236246 647673
1 2438347 48074 225703 55656 222058 900 38804 3402 16544 3762 441942 472488 999535
1 1357084 26776 312715 8417738 2342996 1621 573419 4056 116980 31019 117504 168954 855895
1 657841 233543 108527 1100013 1394398 884 27155 1071 623419 17797 207166 133554 487010
1 3417140 3913807 319561 6958521 324578 2042 2468755 4280 131693 8070 487727 245727 2310408
1 269062 120071 59343 245980 374053 927 819829 957 653477 11559 14579 24716 150730
1 5803573 145391 13142 15646 1097157 1227 1978582 1316 219286 15683 162222 135292 798052
1 1245465 88674 109019 1790010 290133 199 56060 575 3519918 1857 82861 70746 204965
1 7665337 5549241 12100 10361 6453769 155 302951 929 6155802 63409 328327 388346 1815228
1 1735058 116949 362955 3137912 571315 17921 313889 21527 98713 32142 576402 208897 518237
1 114320 111769 166842 42261 1160358 209 34059 313 45221 3873 151386 129579 62689
1 1294592 4343722 176224 21537 8558142 1084 47508 4410 73164 5805 798247 614292 3017551
1 613912 1543070 292819 25315 251166 719 4733997 3256 1500879 4807 104045 101301 725727
1 3428715 1295005 1388746 9098199 3492060 417 11037 557 186224 14251 1300990 458997 1276529
1 2677104 370957 1698170 1736168 704791 14650 724134 17086 5649049 170808 849150 703491 2016557
1 3043718 23481 2094291 6213007 1438470 355 930477 449 346484 3592 11000 13123 82567
1 31630 80959 510062 100748 131713 154 48179 412 32042 510 13671 5866 28288
1 362580 4227766 812139 1699589 3438096 315 956529 957 326071 1555 88270 72295 116226
1 6592201 3745886 11117 266652 150800 175 288135 1596 1370238 18737 126079 96788 626598
1 8553338 128448 1715003 3065533 1601067 642 2039104 2180 34837 4069 298955 302773 3300316
1 293009 2440215 64216 15308 1906499 247 168638 259 70012 459 41180 39926 253190
1 7842331 21724 1788834 458561 1937948 552 17029 912 7275934 1327 47000 37157 177615
1 533574 218192 49150 31835 1369078 1317 16785 2219 30967 2524 39632 24036 208981
1 3869261 6493160 233790 37219 5140763 961 2514109 36382 75569 38687 267280 257822 8285211
1 903888 636148 21917 14682 374809 705 9454831 11848 178027 22011 26885 39669 800363
1 2135452 333309 59698 32379 8135818 933 547285 13844 7029096 15263 45266 52941 232904
1 199049 141987 81015 2598679 620072 2742 5864055 14016 538442 32406 87647 143313 341850
1 33380 90606 9546838 3811595 5251717 1568 2856453 2069 22731 2974 10472 13363 22146
1 219287 507785 749270 149408 64273 969 105939 3590 4630494 5243 11673 17462 319722
1 704777 6232628 12356 13771 2639955 379 10569 1050 403208 1074 49743 30907 238178
1 9848154 2217670 12935 21488 928195 176 2271766 10497 620253 30459 30128 66956 1269767
1 2242619 14442 17002 1007671 4967673 987 2431972 3022 2759914 105636 24809 141729 4806233
1 5232254 187619 77536 178156 89278 167 272896 3429 1461469 3499 126966 103227 840091
1 235633 100817 90927 1849771 189716 662 490431 1962 326031 18136 37847 39122 198502
1 1822581 22614 2947065 596173 460728 216 17487 1334 194622 14708 72125 82173 4976477
1 20878 22835 47083 2968799 1780818 266 3120488 595 454061 889 16219 10458 10653
1 3918984 125490 7387429 1442429 9272851 178 5866082 3520 2729604 22048 44740 62752 664663
1 59632 706905 7463883 1100541 101048 299 6646150 326 33896 664 11527 7199 65486
1 508875 694850 73703 18748 88696 244 11962 1245 44596 4700 51740 34666 352600
1 943243 465556 25001 39284 33265 205 15418 1366 120830 5167 331650 281192 464832
1 495828 8273174 18607 3117668 1933490 908 182920 10613 79398 11655 261341 136125 306080
1 2399536 4367583 130229 42433 4959158 1042 9556124 68480 2393244 72810 86410 124289 2211649
1 366958 24247 1330017 94532 2893097 2063 109224 5443 3622646 7451 90333 59650 107630
1 1322292 1192289 18104 25603 2321546 548 3971931 1093 13868 1853 809335 642576 513178
1 326186 504634 9316991 209209 1804078 157 40622 543 6017088 589 67117 98650 232250
1 2191450 617397 10278 1841350 50409 299 122632 2867 383051 7120 39658 27490 212742
1 157649 285535 55180 534726 1109490 186 4708007 4273 23314 4737 169442 63441 149208
1 3474589 49430 4896797 3359776 1354114 4700 4269605 5518 1027986 54989 445047 316349 6087404
1 553060 86870 43946 237842 4281680 157 211306 383 598893 69894 747058 664438 335120
1 4240156 99129 71658 150193 67928 467 25913 2506 1052781 3487 402193 291531 6819102
1 9138500 79835 10551 9798443 1559699 837 1306596 1350 2108916 110086 188610 290040 1629988
1 2896637 726864 829720 375171 754292 561 1774825 676 956139 6474 35996 35391 250555
1 153689 479917 94687 15032 148159 988 257638 1863 103565 2434 34183 35820 309090
1 41632 1605042 467556 19104 164406 360 212967 625 826367 1398 29599 25798 22136
1 3593277 5700796 25464 171989 51238 435 209995 837 2234056 1913 520313 483965 5700459
1 2689576 8996078 7364302 1821026 357713 539 34535 752 49747 4578 569006 625311 5582511
1 1844342 309356 1115991 2406941 5429485 544 5038617 29832 1063701 51220 151295 141996 1587320
1 318684 735855 515007 91236 80854 165 4610418 2203 2410495 7191 114983 161263 297123
1 2538545 25905 68958 32375 175916 218 217836 1421 24687 3889 139016 151396 9120303
1 145499 52856 424883 5144364 6824697 486 1819563 5123 78242 5708 28156 26416 42436
1 400460 170319 3879631 80972 5385367 767 121356 3167 17921 3666 77995 47722 824858
1 494734 13020 9135844 1086152 381114 909 2148706 921 17527 1418 1049748 595851 155008
1 2012747 231707 43116 266331 42856 953 752146 1203 306317 2493 168085 111417 1277443
1 2479577 7576501 6475416 76818 159889 293 579387 966 1632499 9186 27703 36592 910418
1 692777 71544 133479 61526 166988 4991 6891900 23356 5747033 23661 71456 113964 8331656
1 6211884 9289432 12614 255653 2520134 179 5500596 628 5395760 59281 59489 151937 2679189
1 7863881 30330 2562081 26769 4201658 507 242639 658 258820 30160 23662 46071 365121
1 1597250 25216 5765635 386577 3292978 211 112969 3878 400911 92920 302055 434765 4214177
1 134292 218403 15514 21602 253299 463 1420287 862 3212349 9250 80501 49900 232460
1 3210350 338335 165621 1401240 1758950 160 1455150 885 122036 4069 76588 34888 201210
1 826864 51187 71126 3943268 510485 1825 5837759 2593 1990637 33225 638689 404663 303050
1 1313157 1790471 914344 285326 703905 3538 557031 7534 33669 8803 13125 17657 244234
1 1324638 758600 1824620 4539733 1098552 328 1541410 1314 226684 8864 310464 278811 491095
1 1231978 949444 14393 4008846 342254 616 1132731 2263 34471 4420 54673 34955 121367
1 2181570 161491 2098122 284032 293556 690 4216038 4106 422706 13215 48654 43159 807954
1 535977 3771922 23067 44922 7178041 335 51355 952 8062985 10913 19125 23058 293513
1 237413 1764261 517135 804574 1638404 497 460617 694 328625 5741 188151 164813 85138
1 1722628 430111 268461 198984 203827 175 28079 2412 38445 4747 169206 124152 851566
1 7814082 1053970 67440 2423958 77007 214 22012 648 2036109 847 316750 174729 1802032
1 1246366 7142403 64515 83974 2367179 226 870136 4000 314735 9026 413547 211057 659640
1 1983704 5924048 15441 221842 38392 1089 74336 3674 623804 5070 646870 256516 1306027
1 6142305 9167060 787287 335825 1019945 235 46632 528 6749014 41309 71651 91890 638475
1 9411563 417353 182745 754322 6170233 615 23989 1415 2456584 6279 207914 205487 5885642
1 6874144 3911875 2002115 4043849 861754 437 6871640 672 7939205 2144 180355 137154 640229
1 759345 248039 1435694 31804 385193 2634 102969 4647 100619 9357 37807 48196 3893104
1 50705 1355685 81320 240762 1022276 503 78173 803 119634 4716 12802 12602 137805
1 3145885 27874 10546 3860501 41149 491 3269398 5007 227177 10234 24130 28240 1097426
1 5288968 239241 4062067 177226 1564252 213 34421 3042 260566 9118 103645 88222 1025714
1 761636 155990 1089809 58775 3791061 473 392740 2756 7992007 3394 124488 94329 255913
1 278326 33620 15108 834805 637703 904 6371505 2405 5974513 7213 221554 95859 108292
1 841422 79116 16267 27542 1546202 155 48181 813 161600 1513 93320 40786 148292
1 487579 65956 14031 59912 86268 947 1615961 3408 997110 4178 31149 22596 122365
1 1909201 1682064 81455 775766 72401 386 3032211 1899 2533279 9858 235928 160626 1035755
1 1693955 662797 1039350 43826 62293 1457 7980007 1691 391847 2243 692969 611419 1446765
1 2834402 12761 62620 16611 196155 170 258933 296 164483 7119 74784 37620 345973
1 1881490 143279 30736 4041874 69113 347 11512 1155 9645615 2546 218562 111691 1245846
1 862403 269319 86514 54191 33215 230 5033564 362 8810402 1016 418540 347721 1936425
1 882097 2394200 603399 12559 861558 564 1115403 953 436386 7399 51918 61155 229139
1 4169544 55383 2948014 264701 681134 705 6768603 2202 2573973 3100 327200 441452 2212824
1 608899 36904 192314 46083 113742 263 382567 336 30564 659 21788 16175 364588
1 1354705 10288 8786275 160736 2532056 353 341189 496 3638285 1158 69086 57302 7662524
1 2548925 44756 2184883 1720843 81244 2385 6786229 5553 33259 6120 90996 102493 415911
1 2619400 451975 5862393 1441068 101335 3933 40784 9383 483133 13890 938811 548338 2404726
1 3934900 2938448 477818 88047 62968 179 15757 378 904633 1724 379988 440301 4906372
1 875751 15543 938359 193519 1292227 340 28121 2602 991595 26138 102671 176169 395296
1 1792407 419846 69062 20568 41971 1254 27684 1877 2774475 2268 27975 16808 190873
1 1436263 165992 378517 5763371 414606 1480 94810 4064 730372 28294 995118 598795 653467
1 533434 103360 4362567 10359 3949538 629 1410861 2634 694441 12309 320440 194546 166584
1 2921089 139426 98198 19877 4136135 220 2614221 5217 464049 7698 100392 41671 285402
1 2734430 32191 928657 114473 2437832 290 38890 529 1897635 16654 20732 31030 272754
1 541857 28194 17719 32275 1087828 460 627200 533 57997 7677 83829 100438 1647382
1 3202898 64191 9535032 1692634 164474 5241 709784 6664 99002 7870 319118 211654 1703024
1 9341955 981342 249870 692459 7498843 7221 311592 15809 8992909 35309 322838 301000 1516947
1 2067521 42425 14167 75244 150141 212 27804 419 4453279 5011 632531 241712 679077
1 2315401 11767 7594936 484402 251522 487 2489043 1076 3304076 2122 12332 11021 301478
1 5921729 10833 1836568 136027 767538 262 1834307 2169 33005 3109 251400 162135 1247713
1 365691 1328949 10634 11390 6569799 221 86353 1250 110376 5512 614968 748170 143965
1 432806 60455 800927 1711440 1531123 179 104408 212 7473851 840 198864 289598 524598
1 2530736 337627 753710 24111 129498 387 529801 577 375289 1305 632994 425455 7743147
1 1488601 1876776 1933625 12387 794547 237 5354884 505 8398563 5620 544770 346038 529661
1 1171724 842593 106827 1281046 346968 602 317710 8728 4981815 66622 141984 263294 1711740
1 6619144 1730904 1256349 6771375 169623 1373 455225 1565 32221 2261 267101 148429 852078
1 833461 32115 13559 1127453 196828 203 1169046 2018 643417 4760 49619 58722 268957
1 4139630 78314 2568921 72715 483030 1006 49880 2075 1234531 26396 659744 235725 934101
1 1110881 265385 165413 14727 248510 2202 28295 7300 750664 21648 94120 84366 288839
1 216468 22838 1408846 26132 5211639 1080 18663 1122 35406 1701 19037 27267 2159311
1 233720 80028 2199505 14519 800995 165 757764 356 903119 8660 56415 69275 429055
1 845573 38912 14169 111941 2588471 198 208396 204 1292817 24322 111076 86575 817872
1 2539045 193777 84415 2527492 201931 662 1742406 889 8482475 7855 18855 17730 125484
1 5393646 22643 8425369 1319775 34164 228 185320 1232 1919795 1692 20317 9610 93830
1 820309 1289429 10608 2913782 3065919 290 7795413 509 31279 843 10785 9682 272281
1 1070283 100554 147937 339823 268736 355 30669 2150 7928070 2488 92652 91704 7422790
1 520480 6527509 19294 2502480 998397 851 5794938 907 1986946 13278 89973 67869 722576
1 105373 7758655 10077 33105 80203 180 68914 765 4136851 1137 17311 9018 20967
1 361996 9032541 16894 156567 31552 885 157519 4089 2081350 5998 303285 231860 477262
1 403141 28752 153343 146618 828411 2235 1239802 2484 149069 4265 584585 227773 276316
1 1578006 1161334 519193 1622225 393387 161 218468 5205 21488 6353 1276683 507062 988500
1 115813 992641 263606 45888 246544 768 259381 1054 16765 1241 78200 125796 94081
1 2852333 1847096 377222 2649968 604084 4947 2574260 71168 183665 73382 210809 278181 9649810
1 2169025 24387 1574739 457880 2348549 281 59221 1107 37204 1553 38084 24607 697992
1 1720142 51446 16927 16589 1223250 631 234110 746 239026 7935 10185 16493 9164068
1 276319 100469 422491 5080968 669515 1566 92600 4387 42024 7191 347496 309282 33376
1 229173 6625070 13254 11680 161297 165 54564 721 41648 6803 67498 85694 100570
1 261108 35905 673284 10483 2745048 217 431326 542 193892 41881 260829 164016 274565
1 3736338 21080 26757 125545 1249985 577 1845346 597 4657134 1351 237849 87564 635225
1 2594224 174020 77533 90098 1255340 4713 108365 10694 300574 28357 637904 206099 479652
1 362441 850795 658217 2615892 5516880 160 122598 252 2720609 8245 28392 26848 94201
1 793637 29004 45497 3356857 8768382 3804 745810 5119 5465093 12258 340278 195672 315938
1 1268175 163797 4344311 418277 886950 720 376274 1743 1056052 7318 85099 95086 577067
1 8318133 50004 26307 39561 232011 809 329400 1392 20800 1652 221661 137231 1839633
1 1706297 40682 8650723 129008 1373978 483 10202 1722 5846907 6043 489846 328990 6093737
1 1833363 1814017 70451 314301 252027 528 61401 1652 5056556 6396 35040 27555 691388
1 778603 2456147 6490437 491953 145434 224 7291729 11650 5196811 28392 174998 184319 781866
1 276979 967849 3360157 3147686 8141554 368 36323 691 382676 28543 307136 182861 391698
1 1449184 1132703 6138880 10361 2804286 201 6340960 4365 152707 6153 353511 321845 1493370
1 4055890 21019 655936 83958 8233727 211 108983 481 664631 1495 16506 18753 187770
1 7595175 59854 1301931 590258 499383 166 1274537 700 4624552 3010 43079 35697 751814
1 1814119 133233 813766 365688 179703 1340 8570469 2016 3232214 12697 439516 147872 465288
1 55053 1330810 570750 6469567 20330 254 33070 583 6237671 1738 21376 20291 137460
1 1994913 45744 139533 376614 222228 154 7859126 156 121693 166 365852 130667 417027
1 627074 308661 62359 112164 39390 852 10745 908 1757148 1049 194448 207823 189361
1 822726 406744 32471 18982 34091 608 515635 2987 6229504 5660 186846 165817 1222889
1 3931292 15789 92977 352649 38725 1149 5668270 3038 3073036 9187 11754 22362 498113
1 242384 74152 869807 61022 215366 280 412220 525 1940002 559 283519 394602 91925
1 6231616 457352 1576112 812043 64706 748 36048 1467 417338 5035 412289 224176 566473
1 8258633 1667665 84606 2358401 1640014 218 70324 1641 1236625 89885 124158 164386 4485984
1 2206877 15033 10385 173612 3689368 577 53173 1177 2004087 6742 61822 29036 230649
1 582413 59360 22837 9850959 60769 241 1472443 478 76849 1034 90284 44064 221569
1 880679 4030656 314020 65406 720517 241 77119 8521 82453 21007 37280 67649 1535544
1 474384 29258 143109 177776 2695822 393 9523687 1177 5153663 6847 408784 146895 194985
1 1461712 477740 12847 405494 27977 161 8327019 334 4578233 4344 186448 213292 827217
1 2439749 23998 47166 549525 468049 3314 22170 5708 21290 9788 276569 220454 713971
1 3428972 13393 15007 540058 924945 435 25633 488 3521151 43422 652409 241687 912818
1 1528062 947436 573305 88013 1147681 2194 1314202 7949 379575 49096 1252263 492989 997116
1 3107382 517712 50640 65441 1708185 1322 1747452 62089 5037658 63017 485606 420797 3701671
1 3989278 60434 130334 3457299 10552 594 187978 641 128850 785 12096 9573 97931
1 427069 2952747 46700 1391403 55340 894 27589 3938 63314 7201 25169 40843 485875
1 330067 18220 21128 10350 8741729 941 47912 986 104681 3228 105335 117304 270764
1 411598 1024986 8807828 45372 6357027 179 8302730 1118 1334635 9180 43606 60274 1383137
1 991956 3614112 38493 242938 131240 367 144543 556 665835 684 42789 21184 76141
1 4710134 435979 86926 253197 8345228 1092 460883 4688 1030069 17414 589347 265441 992486
1 1718907 5653635 147742 3355487 5825214 160 311608 1581 4343910 4980 275475 343697 2193782
1 820804 103942 197394 158480 370549 797 617254 1187 162460 6948 528468 443667 215997
1 3381353 152920 30904 340548 10292 530 140620 1497 7117169 1733 11391 8424 43521
1 398913 31543 15223 3724237 588786 819 1117129 1097 1315255 20330 280416 134450 584179
1 4783398 6761870 3446617 623987 102559 1057 595783 2029 915289 18369 401094 356952 1358848
1 7394776 6874551 720549 529952 590589 170 141991 288 114963 1369 178737 161351 1727736
1 783187 48152 33624 999198 5295925 1031 638104 14190 1165987 178459 241649 387789 861252
1 2118749 6134069 65896 9665203 149503 1644 332663 6013 37641 6667 231460 202715 2467019
1 1679225 4381498 738074 42100 7520763 374 59386 470 63519 2309 64962 69143 1051480
1 618131 2843411 36258 734238 4559142 469 152205 5765 1912138 30238 581316 716337 236764
1 808798 788898 122036 78240 3389653 4670 207731 23333 2226249 71472 492683 308650 701045
1 723917 2467363 305078 2706820 76681 213 1767906 297 67820 642 34814 17770 70551
1 983366 5002236 5381975 22845 130013 400 35358 839 142625 3663 106929 86369 167394
1 4383987 1635828 4268199 13990 146293 232 44595 419 69055 4247 159969 119787 827335
1 1450153 72438 4472151 927573 4772123 170 71325 2516 554607 3352 112175 122825 591287
1 1022918 246821 9882215 1913424 92354 153 14586 283 80129 1101 112785 55225 336808
1 1671954 9864485 1660211 355104 3033872 153 30291 1119 1813720 3604 225652 135584 795068
1 2867926 12037 20955 603344 572368 751 1175756 2576 4157641 3428 10811 15292 4335846
1 2727995 811716 91285 3491041 92016 288 72326 565 2171565 1132 524156 430910 2436846
1 1392062 248378 3089801 181532 4545270 557 2637576 983 208861 15160 10655 20073 363336
1 72220 16224 348108 557064 5374248 218 1614649 774 907042 11716 65249 53747 103411
1 2106232 110839 531842 239566 2066892 256 92059 4945 59998 7827 118014 71801 1549175
1 3709897 288738 70430 7337268 4767185 230 8726126 256 3394404 84511 66832 183048 3085598
1 537222 595057 126141 1064300 859114 652 410553 7004 3111591 85781 200886 302760 1362976
1 203928 72269 31225 367927 129499 151 637667 1148 59022 2842 83370 32357 147948
1 2436333 163018 309815 19591 207347 3121 187208 4103 150566 8307 453970 442296 516413
1 1055808 85522 53006 1635030 325260 213 15412 851 1694775 12007 102701 123544 7501396
1 777442 623239 2027992 2639522 179378 298 99114 484 11649 571 312313 187341 232672
1 585379 588791 40650 322658 1402930 219 14189 396 971879 54291 68031 112954 2070750
1 1329190 25317 13586 77261 3952963 368 2160301 427 29020 1517 32566 11944 48566
1 6246022 32827 3220771 304499 159490 347 395190 5238 8036829 15156 232220 360186 2089531
1 621114 446256 1049151 867514 1228599 4407 89473 8892 4666010 26473 85099 128215 8556521
1 928478 37510 3419057 7554756 688121 169 6988562 1779 99637 3307 10109 7132 48198
1 110485 361791 19214 66192 3171408 678 2007228 1927 491125 6073 27839 39016 424142
1 4124173 23826 8312911 55899 8121244 1879 438930 5846 6576988 10166 19630 27304 363824
1 305104 21276 16822 2236043 9086858 244 2522057 3702 31664 6159 866423 273800 234948
1 63103 1599340 105565 30707 5156147 329 36540 1344 1532308 4873 11785 14604 198253
1 128500 10022 1316689 39445 11428 419 41144 775 634959 2267 93052 133973 76528
1 4982014 74297 6355781 1303854 99342 1047 4518845 2009 307189 13697 955017 548821 4421870
1 521221 362696 105285 773042 266811 1177 9460976 4366 4523562 49693 473674 319131 798663
1 1622372 302249 39368 6059903 399755 153 806427 325 72689 531 103502 53610 290976
1 295595 143867 13091 4217099 795111 433 448319 4361 12432 4401 12054 12442 297226
1 8756101 11629 4446396 7440912 3251734 400 2564992 2392 1221961 83230 16630 93039 3093406
1 3150938 5567333 76344 212498 9046581 560 1309270 2376 154881 20781 37721 42997 495167
1 393577 4694203 6206014 35224 579816 946 1764331 10945 72059 15213 300205 144656 253334
1 410249 586547 307351 520639 701764 207 380341 235 5466331 468 270700 383567 142118
1 8302134 5911370 255263 8106199 118921 169 2832880 626 28184 2341 26940 24244 311597
1 329412 36028 450752 21247 87562 401 1075666 1262 13768 2182 68586 97507 310500
1 7220889 124133 200438 418655 241899 154 643562 1924 170228 7218 166481 79836 1047665
1 1920467 192657 367429 1025682 2688462 163 2849168 3925 105685 16588 398325 204449 386490
1 1319337 16569 49355 18161 234367 1557 277737 1626 375191 13795 2217804 576909 1161566
1 324517 1219560 1677469 1302214 883066 226 679009 1541 317236 6945 235060 119663 253467
1 5970063 158733 29201 157235 2259477 813 224082 2395 1504229 49579 277446 140090 694117
1 1066397 524307 8670879 2344579 748508 209 106718 916 79076 4488 39391 48948 1353251
1 1767507 42920 8217971 262276 38229 322 740169 7505 53651 8310 1301869 402627 722012
1 240289 939229 1596357 624625 1793381 199 3122135 216 3997633 1307 56623 29016 52556
1 5864284 13990 1614715 14623 321449 156 11953 342 141093 2303 43138 41849 1407712
1 1616635 4806920 218031 404774 5014388 208 1504169 1713 52664 5328 12209 16284 91897
1 105759 27349 225213 844638 9349896 285 3005984 1274 669328 2291 13920 15340 214684
1 8186023 4808478 130979 2124119 459277 2773 1498092 3330 7168544 14547 145669 106532 5717125
1 1068376 3070267 222289 209882 296812 431 80199 993 11439 1331 249238 286003 430424
1 7518773 11581 11532 144742 309304 244 233688 539 290049 1218 73587 58576 4639506
1 8353024 5582291 1782153 3303743 556656 690 10610 1331 162260 30719 15893 41795 1317495
1 6886646 156744 1127740 3906538 40309 166 281962 341 3263903 856 127503 76906 1183772
1 1173140 308870 1335614 120715 82770 403 535282 587 929284 2016 55728 34862 128566
1 214997 101457 88138 43721 141034 178 14494 355 739687 1222 232627 148428 105375
1 391287 94950 3006138 20095 3638146 562 156987 1449 350285 80059 62153 130097 768066
1 147818 63624 183394 6184548 65336 235 4537000 704 1709395 2429 12730 14059 440874
1 571576 1644695 87366 34284 1747092 169 39468 308 2610574 2810 20121 15588 57152
1 2394833 313724 491022 141257 2253097 6380 2046467 14158 300109 52872 480342 230964 718830
1 639380 7577161 17016 16203 1640090 154 99758 232 237749 15412 195119 130034 238360
1 4226773 15551 1922826 241653 358795 549 2463435 5749 53231 9612 15677 23780 426576
1 438753 421621 25222 64394 556030 4444 4559523 16321 849842 78486 58001 138366 1517646
1 483004 45294 5444994 10161 19472 865 343483 872 100367 1371 75390 102545 186093
1 1455001 179815 236565 80430 216077 1724 40712 9641 150062 19809 115762 103344 1312250
1 1195835 1017674 275610 278077 4773963 4740 2061810 33230 5083283 47212 242804 136246 551198
1 545003 2157187 3153045 1335141 32359 225 28507 567 796073 3962 15572 12222 173199
1 476034 20579 216985 636241 612318 480 642636 790 467017 13500 150679 144745 98550
1 1174645 1834687 28989 54510 271651 450 68987 1567 103063 2283 12431 12452 1781766
1 247521 9552468 77712 166460 45036 338 1938778 469 3681784 3666 74844 132900 183372
1 1254351 1694570 3916444 515051 72601 362 7183182 497 600408 4835 103494 45706 175197
1 841626 49966 3187943 19734 140073 440 165449 842 72002 8977 109455 55939 320227
1 980198 3753670 140550 492817 266648 226 22757 394 45066 5824 800299 740093 941728
1 7212973 23651 669870 78783 27480 713 1114105 900 122194 3115 14799 10114 40600
1 325642 2397572 3187477 12823 144147 761 81273 2112 548828 5438 451598 474595 327911
1 505393 3847553 6373430 16340 5222621 257 8509103 293 872341 396 377417 585896 63195
1 879165 166986 157572 774394 3201117 3011 21290 4772 944096 16359 20869 35779 542815
1 5300522 511549 1806968 32908 3838806 359 460618 13129 35565 17552 88044 115610 6016781
1 1051429 10516 271059 597154 757319 471 4317490 2392 13098 2584 16677 18516 1989863
1 7625566 9318554 4416639 24587 14258 151 1499642 344 4585496 399 12276 7324 109492
1 1538880 10690 1032944 1433411 5908961 351 47857 1980 88780 2926 196443 315073 2919473
1 7697011 46834 635446 5927223 8164044 329 4753335 4643 9336201 29760 530543 206523 743275
1 6409698 24467 392150 19740 321374 276 4883751 813 377629 1834 528315 272221 4475614
1 7734984 2193313 175941 125821 1818326 384 4127014 1705 1977914 3312 11050 15272 2701482
1 1694836 3961916 464320 11008 1730378 328 978375 6048 3020852 11596 398260 531819 674528
1 1515918 1683448 3891615 284013 1782337 301 1507833 707 34763 859 791098 469395 2898996
1 562099 3580330 6075224 16676 1922845 335 6119892 688 680560 4300 239603 104501 576229
1 1244986 75714 2318359 245059 103640 5804 2656310 13543 76278 24083 221424 158424 295676
1 6016776 42514 1936923 79991 195847 2120 342657 3338 510014 14551 330710 154831 502224
1 6992290 39837 29888 248384 818099 2810 1162479 3968 3531409 71511 435841 233759 968250
1 1084439 257202 1838522 606365 1340493 1906 1580270 3154 195944 28160 141213 243622 1784868
1 802097 336693 664837 4574286 154957 2018 3700906 3627 33041 5876 19339 21105 165436
1 109568 543358 13565 4015877 51696 266 97794 1405 440487 2877 10926 11742 75891
1 3044981 320108 149201 6384738 72059 1652 1756316 1753 1146802 10137 573463 268323 773940
1 703917 21275 7062595 212638 5496370 156 68864 607 905857 1001 311489 472143 795010
1 1414814 460286 289652 2096165 5328513 509 15960 529 9016619 43114 98545 160141 1306069
1 1128198 14666 3138159 423066 315188 262 99370 302 1463400 10833 475597 388362 287347
1 6947019 42786 13878 38085 73250 392 545191 492 197293 1946 18882 24999 8632962
1 649889 45276 9633503 1260038 1465634 264 23786 2495 803965 7061 49947 61301 191491
1 3081117 14240 310513 738839 48193 672 4626651 1469 1896990 2138 186487 62469 197941
1 555426 15250 358648 729002 242795 742 50142 777 131188 886 32400 27767 1723687
1 752702 35566 26796 2532343 852163 239 5237413 306 6705584 10341 53417 59135 4012092
1 2980708 6202820 40800 2476888 5015141 280 7994468 2240 144608 10749 258587 174573 5960872
1 3772378 21906 4810507 2521589 176221 219 1217085 534 282602 599 156294 80359 851119
1 3302542 19548 497988 1988596 2110173 181 25165 4237 1668223 9933 19764 28636 396351
1 5024009 5628370 25258 450893 2724361 658 27641 4484 740407 28893 55152 56050 516377
1 833477 4644169 158343 22984 162144 429 87947 791 183078 4053 119145 59777 227827
1 132480 84091 65794 1107701 599633 2286 66510 6146 265368 7860 41413 67740 83096
1 3277382 2705570 4357615 26003 41053 308 18855 1443 1589667 3142 371321 167839 914498
1 4315761 175821 2507128 5593123 805356 191 1153166 329 25788 1130 11232 8146 1867517
1 8520056 251383 64176 365744 5827030 591 181938 40847 8479257 75475 122259 226069 2756647
1 91657 646066 131584 1027204 371691 397 3935110 815 412113 2140 12429 12039 22796
1 476601 238862 123755 354003 244683 681 15468 887 565332 4896 742766 611989 995851
1 76395 24394 322351 1463107 7919794 573 321630 1136 51795 4177 22147 25754 93069
1 678250 25100 2775015 40165 45692 160 547791 1508 42460 4332 37918 22223 101538
1 750534 3290762 145896 271944 668933 193 1997396 1484 476551 3326 26708 27364 2823450
1 1939174 2913117 2364769 319831 1437597 668 396132 780 672168 21962 43991 61870 409651
1 423561 11731 4176032 915205 5624881 276 316942 318 189821 10884 221993 182353 2435112
1 1779156 1867774 27517 254383 5207429 326 50536 4590 32714 8312 849595 429671 1076655
1 357599 1020192 3130019 6505771 693335 556 15593 688 2079810 2256 86990 95718 142394
1 613079 47341 16563 142185 37148 200 723532 587 369680 2193 54416 51273 88195
1 106196 246102 14748 145412 1225822 256 489413 6687 6084712 12814 109390 82833 249947
1 2055706 106029 9457473 263860 2680407 230 70478 400 71106 4302 93810 95170 6239866
1 9223206 82279 26158 1638889 2807051 3017 107661 8691 833493 55811 568981 286880 845442
1 3972417 7235799 11518 126624 1642744 684 17599 1312 84281 2327 127574 41865 182147
1 1270656 256445 896105 2824949 1945650 401 2025083 6383 307843 83808 235768 216724 618276
1 69241 2931983 3368285 1092876 791092 179 78996 1175 23117 4967 20915 15328 130885
1 1671576 4649154 401185 18583 3729854 283 516245 332 6409155 22174 212568 312034 2010580
1 1575325 124301 361799 3123904 160823 594 40990 1116 188283 1795 690379 474776 1162229
1 589000 542096 113488 6718222 267775 465 1122549 469 96834 4630 98661 109871 1331545
1 608333 3138227 7321530 30608 2269383 154 106598 4362 3377890 148508 328730 476500 1438478
1 438518 16572 516897 96100 4947274 1243 381089 3148 315930 17434 670137 614793 54396
1 2754943 305800 14801 1270564 9093884 152 118412 2104 73891 11840 524852 138326 515421
1 1636109 3928838 6591607 7302843 80645 455 578980 2152 3711887 4915 401810 546878 2717118
1 8879423 13474 2040733 403348 2208277 249 106580 1687 7340863 8398 803562 440698 8186745
1 47884 27997 12335 21970 2154829 170 2677294 1602 66740 1966 31042 14154 44710
1 1202875 30006 13265 4581285 4137731 1198 22465 4945 7680340 13703 191493 174283 2024444
1 3321016 686290 11143 38944 64801 475 24256 608 157038 3049 249260 102662 353850
1 9074628 510505 18554 884480 543272 1152 10582 2536 1166089 2907 253571 228580 882806
1 1276003 54680 9984104 893489 561133 197 16929 335 9998940 3886 108792 118168 392776
1 9994463 273686 3892105 29033 293978 193 369168 845 12193 1114 12687 6244 24839
1 346937 81907 65438 82234 168108 168 6576138 829 2415764 14652 213654 262317 130696
1 4840691 12465 77943 36597 11035 913 4017046 2174 22750 2540 2071011 629222 1665182
1 1271282 1175145 7201371 29947 123599 239 5821803 960 888726 30739 307589 250187 1347343
1 508493 205452 1228095 41938 95662 657 500851 2894 3416381 17281 22993 55884 1106595
1 3654222 132905 41514 8671414 240724 1710 530746 13526 29051 15165 847541 436102 4231175
1 4649415 19605 2852643 166962 4663227 158 83698 386 3167466 4634 741725 263265 803924
1 419804 509455 98491 624914 1936124 334 1060187 12364 1066179 41416 29391 90829 1669668
1 3164558 2881068 8415540 647947 735503 896 18091 1230 33569 1527 76790 106321 7357304
1 7581841 186474 18091 90510 217927 892 123438 1817 71480 4145 276018 142827 756969
1 4047886 340997 97711 307421 7751493 1724 34457 2529 32616 2664 414385 315728 8455173
1 6683224 5335246 792130 136463 3581424 316 3280561 541 18953 2414 997302 679259 4167903
1 168796 18518 156179 219978 2906560 312 155896 416 6222603 1885 125582 216393 18471
1 203431 4274931 3635453 2026219 454906 202 127828 922 2138984 1888 32704 18995 100895
1 2241661 279105 157914 269574 1589987 745 2317840 842 283034 6753 435810 143188 615122
1 941822 21134 6936437 6049066 46677 217 9239931 338 706003 1533 41163 35768 3277807
1 1337725 117619 23857 227472 1581600 970 525020 1461 127627 3660 53847 41001 8660607
1 1301630 69613 1945152 16460 2992275 232 15769 3080 1573997 6614 164914 110485 1535981
1 809936 5943840 505044 220634 409984 25233 1920008 66883 3867535 85309 65920 166879 4764078
1 1371419 237459 11766 16450 4197896 379 2666657 502 2068680 2249 108030 82748 284087
1 8222202 239222 1159476 3349755 1216464 410 193402 5767 429434 9291 468338 147236 381883
1 6109217 527553 330287 1161252 57281 316 16585 420 18032 440 2060599 662560 2395581
1 4901847 11784 8242784 4548504 122919 308 653375 1138 314452 1236 21259 28501 7746507
1 53215 68527 16853 64235 875413 345 2564579 1447 22503 2005 45068 21591 39534
1 536630 106371 85347 321893 67440 295 517665 2225 764204 2481 10251 15065 136148
1 959175 83246 103337 7597487 329266 544 219382 2538 21528 2673 24163 31803 116557
1 69616 35605 8792424 28730 19894 508 1950459 1033 39041 4410 17708 14489 71342
1 4339314 1617027 4538864 1208770 254649 208 64004 593 2772509 2872 29527 36322 259918
